0.19	8	0.19	8	0	0.01	0	1	0	0	0	0	0	0	1	0	0.8475846798245739	9.073e-11
0.08	8	0.08	8	0	0.01	0	0	1	0	0	0	0	0	1	0	0.8475846798245739	9.073e-11
0.16	8	0.16	8	0	0.01	1	0	0	0	0	0	0	0	1	0	1.1540157730728	9.073e-11
0.15	5	0.15	5	0	0.24	0	1	0	0	0	0	0	1	0	0	2.9464393446710155	5.386e-08
0.68	6	0.68	6	0	0.01	0	1	0	0	0	0	0	1	0	0	2.0232196723355083	1.4430000000000004e-06
0.68	6	0.68	6	0	0.01	0	1	0	0	0	0	0	1	0	0	2.0232196723355083	1.4430000000000004e-06
0.0	6	0.0	6	0	0.01	0	1	0	0	0	0	0	1	0	0	1.5567796494470396	1.4430000000000004e-06
0.0	6	0.0	6	0	0.01	0	1	0	0	0	0	0	1	0	0	2.833206219346496	1.4430000000000004e-06
0.19	5	0.0	-3	0	0.04	0	1	0	0	0	0	0	1	0	0	2.8393538721672007	4.844e-06
0.27	4	0.27	4	0	0.01	0	1	0	0	0	0	0	0	0	1	1.9804820237218408	1.675e-06
0.29	4	0.29	4	0	0.01	1	0	0	0	0	0	0	0	0	1	1.6709505944546683	1.675e-06
0.33	4	0.33	4	0	0.01	0	1	0	0	0	0	0	0	0	1	1.7709505944546686	1.675e-06
0.05	6	0.08	0	0	0.18	0	1	0	0	0	0	0	1	0	0	3.108694969562842	6.909e-07
0.05	6	0.08	0	0	0.18	0	1	0	0	0	0	0	1	0	0	3.108694969562842	6.909e-07
0.05	6	0.08	0	0	0.18	0	1	0	0	0	0	0	1	0	0	3.108694969562842	6.909e-07
0.05	6	0.06	0	0	0.11	0	1	0	0	0	0	0	1	0	0	2.903701696057348	6.909e-07
0.13	4	0.13	4	0	0.15	0	0	1	1	0	0	0	0	1	0	3.2037016960573483	5.629e-07
0.13	4	0.13	4	0	0.15	0	0	1	1	0	0	0	0	1	0	3.2037016960573483	5.629e-07
0.13	4	0.13	4	0	0.15	0	0	1	1	0	0	0	0	1	0	3.2037016960573483	5.629e-07
0.12	4	0.12	4	0	0.19	0	0	1	1	0	0	0	0	1	0	2.8086949695628416	5.629e-07
0.16	4	0.09	1	1	0.81	0	1	0	0	0	0	0	0	1	0	2.8282129458410017	1.772e-08
0.19	4	0.08	1	1	0.83	0	1	0	0	0	0	0	0	1	0	2.565957320949175	1.772e-08
0.14	5	0.14	5	0	0.06	0	1	0	0	0	0	0	1	0	0	3.146439344671016	2.678e-10
0.19	5	0.19	5	0	0.03	1	0	0	0	0	0	0	0	1	0	2.9659573209491747	2.678e-10
0.19	5	0.19	5	0	0.04	0	1	0	0	0	0	0	0	0	1	3.165957320949175	2.678e-10
0.19	5	0.19	5	0	0.03	1	0	0	0	0	0	0	0	0	1	2.9659573209491747	2.678e-10
0.17	5	0.17	5	0	0.06	0	1	0	0	0	0	0	1	0	0	3.170950594454669	2.678e-10
0.16	5	0.16	5	0	0.02	1	0	0	0	0	0	0	0	1	0	3.2414460711655217	2.678e-10
0.19	5	0.19	5	0	0.03	1	0	0	0	0	0	0	0	1	0	2.9659573209491747	2.678e-10
0.19	5	0.19	5	0	0.03	1	0	0	0	0	0	0	0	0	1	2.9659573209491747	2.678e-10
0.14	5	0.14	5	0	0.06	0	1	0	0	0	0	0	1	0	0	3.146439344671016	2.678e-10
0.14	5	0.14	5	0	0.06	0	1	0	0	0	0	0	1	0	0	3.146439344671016	2.678e-10
0.17	5	0.17	5	0	0.06	0	1	0	0	0	0	0	1	0	0	3.170950594454669	2.678e-10
0.19	5	0.19	5	0	0.03	1	0	0	0	0	0	0	0	0	1	2.9659573209491747	2.678e-10
0.19	5	0.19	5	0	0.04	0	1	0	0	0	0	0	0	0	1	3.165957320949175	2.678e-10
0.19	5	0.19	5	0	0.03	1	0	0	0	0	0	0	0	1	0	2.9659573209491747	2.678e-10
0.19	5	0.19	5	0	0.04	0	1	0	0	0	0	0	0	0	1	3.165957320949175	2.678e-10
0.17	5	0.17	5	0	0.06	0	1	0	0	0	0	0	1	0	0	3.170950594454669	2.678e-10
0.16	5	0.16	5	0	0.02	1	0	0	0	0	0	0	0	1	0	3.2414460711655217	2.678e-10
0.18	5	0.18	5	0	0.04	1	0	0	0	0	0	0	0	0	1	3.103701696057348	2.678e-10
0.53	9	0.53	9	0	0.01	0	1	0	0	0	0	0	0	1	0	2.8037016960573484	3.46e-10
0.89	9	0.89	9	0	0.01	0	1	0	0	0	0	0	1	0	0	1.2192407046368487	3.46e-10
0.84	9	0.84	9	0	0.01	0	1	0	0	0	0	0	1	0	0	1.4904685707328282	3.46e-10
0.88	9	0.88	9	0	0.01	0	1	0	0	0	0	0	1	0	0	1.4609640474436811	3.46e-10
0.85	9	0.85	9	0	0.01	0	1	0	0	0	0	0	0	1	0	1.6783898247235198	3.46e-10
0.83	9	0.83	9	0	0.01	0	1	0	0	0	0	0	1	0	0	1.7854752972273344	3.46e-10
0.74	4	0.01	0	0	0.04	0	0	1	0	0	0	0	0	1	0	1.643751954420502	3.46e-10
0.89	9	0.89	9	0	0.01	0	1	0	0	0	0	0	1	0	0	1.2192407046368487	3.46e-10
0.88	9	0.88	9	0	0.01	0	1	0	0	0	0	0	1	0	0	1.4609640474436811	3.46e-10
0.53	9	0.53	9	0	0.01	0	1	0	0	0	0	0	0	1	0	2.8037016960573484	3.46e-10
0.53	9	0.53	9	0	0.01	0	1	0	0	0	0	0	0	1	0	2.8037016960573484	3.46e-10
0.85	9	0.85	9	0	0.01	0	1	0	0	0	0	0	0	1	0	1.6783898247235198	3.46e-10
0.88	9	0.88	9	0	0.01	0	1	0	0	0	0	0	1	0	0	1.4609640474436811	3.46e-10
0.84	9	0.84	9	0	0.01	0	1	0	0	0	0	0	1	0	0	1.4904685707328282	3.46e-10
0.89	9	0.89	9	0	0.01	0	1	0	0	0	0	0	1	0	0	1.2192407046368487	3.46e-10
0.84	9	0.84	9	0	0.01	0	1	0	0	0	0	0	1	0	0	1.4904685707328282	3.46e-10
0.85	9	0.85	9	0	0.01	0	1	0	0	0	0	0	0	1	0	1.6783898247235198	3.46e-10
0.74	4	0.01	0	0	0.04	0	0	1	0	0	0	0	0	1	0	1.643751954420502	3.46e-10
0.83	9	0.83	9	0	0.01	0	1	0	0	0	0	0	1	0	0	1.7854752972273344	3.46e-10
0.94	9	0.94	9	0	0.01	0	1	0	0	0	0	0	1	0	0	1.1411535278793057	3.46e-10
0.26	7	0.26	7	0	0.01	1	0	0	0	0	0	0	0	1	0	2.9016094970590283	9.787e-17
0.26	7	0.26	7	0	0.01	1	0	0	0	0	0	0	0	1	0	2.9016094970590283	9.787e-17
0.24	7	0.24	7	0	0.01	0	1	0	0	0	0	0	0	1	0	2.9393538721672012	9.787e-17
0.42	7	0.42	7	0	0.01	0	1	0	0	0	0	0	0	1	0	1.8166422780956524	9.787e-17
0.26	7	0.26	7	0	0.01	1	0	0	0	0	0	0	0	1	0	2.9016094970590283	9.787e-17
0.05	5	0.02	-2	0	0.22	0	1	0	0	0	0	0	0	1	0	3.0841837197791886	1.755e-07
0.06	5	0.0	-2	0	0.09	0	1	0	0	0	0	0	0	1	0	2.423219672335508	1.755e-07
0.07	5	0.05	-2	0	0.1	0	1	0	0	0	0	0	0	1	0	2.9464393446710155	1.755e-07
0.1	5	0.02	-2	0	0.23	0	1	0	0	0	0	0	0	1	0	3.0464393446710165	1.755e-07
0.08	5	0.03	-2	0	0.07	0	1	0	0	0	0	0	0	1	0	2.970950594454669	1.755e-07
0.09	5	0.05	-2	0	0.16	0	1	0	0	0	0	0	0	1	0	3.0414460711655216	1.755e-07
0.43	5	0.43	5	0	0.01	0	1	0	0	0	0	0	1	0	0	2.946439344671015	1.324e-07
0.4	5	0.4	5	0	0.01	0	1	0	0	0	0	0	1	0	0	2.9464393446710155	1.324e-07
0.47	5	0.47	5	0	0.01	0	1	0	0	0	0	0	0	1	0	2.323219672335508	1.324e-07
0.41	5	0.41	5	0	0.01	0	1	0	0	0	0	0	0	1	0	2.6016094970590284	1.324e-07
0.32	5	0.32	5	0	0.1	0	1	0	0	0	0	0	0	1	0	2.4588718484453604	1.515e-07
0.43	5	0.43	5	0	0.17	0	1	0	0	0	0	0	0	1	0	2.639353872167201	1.515e-07
0.52	5	0.52	5	0	0.02	0	1	0	0	0	0	0	0	1	0	2.384183719779189	1.515e-07
0.53	5	0.53	5	0	0.05	0	1	0	0	0	0	0	0	1	0	2.4393538721672012	1.515e-07
0.55	4	0.55	4	0	0.02	0	1	0	0	0	0	0	0	1	0	2.6332062193464947	1.186e-07
0.48	4	0.48	4	0	0.02	0	1	0	0	0	0	0	0	1	0	2.8414460711655214	1.186e-07
0.58	4	0.58	4	0	0.03	0	1	0	0	0	0	0	0	1	0	2.2261207468426805	1.186e-07
0.6	4	0.6	4	0	0.02	0	1	0	0	0	0	0	0	1	0	2.341446071165522	1.186e-07
0.05	4	0.05	4	0	0.26	0	1	0	0	0	0	0	0	1	0	3.3464393446710154	6.163e-07
0.02	4	0.02	4	0	0.11	0	1	0	0	0	0	0	0	1	0	2.4841837197791885	6.163e-07
0.07	4	0.07	4	0	0.11	0	1	0	0	0	0	0	0	1	0	2.941446071165522	6.163e-07
0.05	4	0.05	4	0	0.21	0	1	0	0	0	0	0	0	1	0	3.208694969562841	6.163e-07
0.09	4	0.09	4	0	0.08	0	1	0	0	0	0	0	0	1	0	2.8709505944546683	6.163e-07
0.06	4	0.06	4	0	0.17	0	1	0	0	0	0	0	0	1	0	3.1219280948873624	6.163e-07
0.31	6	0.31	6	0	0.01	0	1	0	0	0	0	0	0	1	0	3.084183719779189	1.054e-07
0.29	6	0.29	6	0	0.02	1	0	0	0	0	0	0	0	1	0	3.246439344671016	1.054e-07
0.8	6	0.8	6	0	0.03	0	1	0	0	0	0	0	0	1	0	1.1219280948873622	1.054e-07
0.28	6	0.28	6	0	0.01	0	1	0	0	0	0	0	0	1	0	3.1414460711655217	1.054e-07
0.28	6	0.28	6	0	0.01	0	1	0	0	0	0	0	0	1	0	3.1414460711655217	1.054e-07
0.31	6	0.31	6	0	0.01	0	1	0	0	0	0	0	0	1	0	3.084183719779189	1.054e-07
0.28	6	0.28	6	0	0.01	0	1	0	0	0	0	0	0	1	0	3.1414460711655217	1.054e-07
0.79	6	0.79	6	0	0.01	0	1	0	0	0	0	0	0	1	0	0.8475846798245739	1.054e-07
0.28	6	0.28	6	0	0.01	0	1	0	0	0	0	0	0	1	0	3.1414460711655217	1.054e-07
0.28	6	0.28	6	0	0.01	0	1	0	0	0	0	0	0	1	0	3.3464393446710154	1.054e-07
0.28	6	0.28	6	0	0.01	0	1	0	0	0	0	0	0	1	0	3.003701696057348	1.054e-07
0.05	8	0.05	8	0	0.32	0	1	0	0	0	0	0	0	1	0	2.8709505944546683	2.507e-10
0.05	8	0.05	8	0	0.29	0	1	0	0	0	0	0	0	1	0	2.9282129458410013	2.507e-10
0.05	8	0.05	8	0	0.32	0	1	0	0	0	0	0	0	1	0	2.8709505944546683	2.507e-10
0.08	8	0.08	8	0	0.1	0	1	0	0	0	0	0	0	1	0	2.846439344671015	2.507e-10
0.05	8	0.05	8	0	0.15	0	1	0	0	0	0	0	0	1	0	2.8086949695628416	2.507e-10
0.06	6	0.07	-3	0	0.01	0	1	0	0	0	0	0	1	0	0	3.1841837197791887	2.933e-14
0.06	6	0.07	-3	0	0.01	0	1	0	0	0	0	0	1	0	0	3.1841837197791887	2.933e-14
0.07	6	0.08	-3	0	0.01	0	1	0	0	0	0	0	1	0	0	3.3219280948873617	2.933e-14
0.05	5	0.05	5	0	0.01	0	1	0	0	0	0	0	1	0	0	3.1414460711655217	3.462e-07
0.05	5	0.05	5	0	0.01	0	1	0	0	0	0	0	1	0	0	3.065957320949175	3.462e-07
0.05	5	0.05	5	0	0.01	0	1	0	0	0	0	0	1	0	0	3.1037016960573482	3.462e-07
0.05	5	0.05	5	0	0.01	0	1	0	0	0	0	0	1	0	0	3.1414460711655217	3.462e-07
0.07	5	0.07	5	0	0.01	0	1	0	0	0	0	0	1	0	0	3.146439344671016	3.462e-07
0.05	5	0.05	5	0	0.01	0	1	0	0	0	0	0	1	0	0	3.1219280948873616	3.462e-07
0.05	5	0.05	5	0	0.01	0	1	0	0	0	0	0	1	0	0	3.1659573209491745	3.462e-07
0.49	7	0.49	7	0	0.28	0	1	0	0	0	0	0	0	0	1	2.0804820237218404	4.946e-30
0.48	7	0.48	7	0	0.23	0	1	0	0	0	0	0	0	0	1	2.0192407046368492	4.946e-30
0.44	7	0.44	7	0	0.17	0	1	0	0	0	0	0	0	0	1	2.25677964944704	4.946e-30
0.47	7	0.47	7	0	0.35	0	1	0	0	0	0	0	0	0	1	2.314979820516481	4.946e-30
0.9	4	0.9	4	0	0.02	0	1	0	0	0	0	0	1	0	0	0.7475846798245741	1.815e-06
0.9	4	0.9	4	0	0.02	0	1	0	0	0	0	0	1	0	0	0.7475846798245741	1.815e-06
0.16	4	0.05	-2	0	0.01	0	0	1	0	0	0	0	0	0	1	3.3086949695628416	9.662e-09
0.14	4	0.03	-2	0	0.01	0	0	1	0	0	0	0	0	0	1	3.3086949695628416	9.662e-09
0.09	4	0.06	-2	0	0.01	0	0	1	0	0	0	0	0	0	1	3.246439344671016	9.662e-09
0.14	4	0.04	-2	0	0.01	0	0	1	0	0	0	0	0	0	1	3.2464393446710162	9.662e-09
0.19	4	0.0	-2	0	0.05	0	0	1	0	0	0	0	0	0	1	1.8166422780956524	9.662e-09
0.16	4	0.05	-2	0	0.01	0	0	1	0	0	0	0	0	0	1	3.3086949695628416	9.662e-09
0.14	4	0.03	-2	0	0.01	0	0	1	0	0	0	0	0	0	1	3.3086949695628416	9.662e-09
0.14	4	0.03	-2	0	0.01	0	0	1	0	0	0	0	0	0	1	3.3086949695628416	9.662e-09
0.62	4	0.0	-2	0	0.03	0	1	0	0	0	0	0	0	0	1	0.5689955935892812	9.662e-09
0.09	4	0.06	-2	0	0.01	0	0	1	0	0	0	0	0	0	1	3.246439344671016	9.662e-09
0.11	4	0.06	-2	0	0.01	0	0	1	0	0	0	0	0	0	1	2.8037016960573484	9.662e-09
0.12	4	0.06	-2	0	0.01	0	0	1	0	0	0	0	0	0	1	3.0841837197791886	9.662e-09
0.1	4	0.07	-2	0	0.01	0	0	1	0	0	0	0	0	0	1	2.839353872167201	9.662e-09
0.2	8	0.2	8	0	0.01	1	0	0	0	0	0	0	1	0	0	3.1841837197791887	4.131e-06
0.21	8	0.21	8	0	0.01	1	0	0	0	0	0	0	1	0	0	3.0414460711655216	4.131e-06
0.21	8	0.21	8	0	0.01	1	0	0	0	0	0	0	1	0	0	2.946439344671015	4.131e-06
0.16	8	0.16	8	0	0.01	1	0	0	0	0	0	0	1	0	0	2.9219280948873623	4.131e-06
0.21	8	0.21	8	0	0.01	1	0	0	0	0	0	0	1	0	0	3.1414460711655217	4.131e-06
0.2	8	0.2	8	0	0.01	1	0	0	0	0	0	0	1	0	0	3.1841837197791887	4.131e-06
0.8	8	0.8	8	0	0.14	1	0	0	0	0	0	0	1	0	0	1.1219280948873622	4.131e-06
0.16	8	0.16	8	0	0.01	1	0	0	0	0	0	0	1	0	0	3.0841837197791886	4.131e-06
0.2	8	0.2	8	0	0.01	1	0	0	0	0	0	0	1	0	0	3.1841837197791887	4.131e-06
0.21	8	0.21	8	0	0.01	1	0	0	0	0	0	0	1	0	0	2.946439344671015	4.131e-06
0.15	8	0.15	8	0	0.01	1	0	0	0	0	0	0	1	0	0	3.065957320949175	4.131e-06
0.2	8	0.2	8	0	0.01	1	0	0	0	0	0	0	1	0	0	3.1841837197791887	4.131e-06
0.21	8	0.21	8	0	0.01	1	0	0	0	0	0	0	1	0	0	2.946439344671015	4.131e-06
0.41	4	0.41	4	1	0.67	0	1	0	0	0	0	0	1	0	0	2.560964047443681	3.385e-06
0.42	4	0.42	4	1	0.65	0	1	0	0	0	0	0	1	0	0	1.6567796494470397	3.385e-06
0.37	4	0.37	4	1	0.61	0	1	0	0	0	0	0	0	1	0	1.916642278095652	3.385e-06
0.36	4	0.36	4	0	0.24	0	1	0	0	0	0	0	1	0	0	2.5577174691301483	3.385e-06
0.37	4	0.37	4	0	0.23	0	1	0	0	0	0	0	1	0	0	2.423219672335508	3.385e-06
0.32	4	0.32	4	1	0.67	0	1	0	0	0	0	0	0	1	0	2.521928094887362	3.385e-06
0.36	4	0.36	4	1	0.64	0	1	0	0	0	0	0	0	1	0	2.070950594454669	3.385e-06
0.12	4	0.12	4	0	0.19	0	1	0	0	0	0	0	1	0	0	3.1086949695628423	3.385e-06
0.34	4	0.34	4	0	0.26	0	1	0	0	0	0	0	1	0	0	2.6577174691301484	3.385e-06
1.0	4	1.0	4	1	0.96	0	1	0	0	0	0	0	0	1	0	0.28639695711595625	7.958e-07
0.37	5	0.37	5	0	0.03	0	0	1	0	0	0	0	0	0	1	2.463865121950854	9.748e-09
0.35	5	0.35	5	0	0.03	0	0	1	0	0	0	0	0	0	1	2.441446071165521	9.748e-09
0.37	5	0.37	5	0	0.03	0	0	1	0	0	0	0	0	0	1	2.463865121950854	9.748e-09
0.35	5	0.35	5	0	0.03	0	0	1	0	0	0	0	0	0	1	2.441446071165521	9.748e-09
0.08	5	0.08	5	0	0.04	0	0	1	0	0	0	0	1	0	0	2.8232196723355085	4.3649999999999995e-19
0.07	5	0.07	5	0	0.02	1	0	0	0	0	0	0	1	0	0	3.1037016960573482	4.3649999999999995e-19
0.07	5	0.04	0	0	0.32	0	1	0	0	0	0	0	0	1	0	2.9841837197791894	3.667e-06
0.08	5	0.04	0	0	0.32	0	1	0	0	0	0	0	0	1	0	3.0841837197791886	3.667e-06
0.06	5	0.04	0	0	0.33	0	1	0	0	0	0	0	0	1	0	3.003701696057348	3.667e-06
0.08	5	0.04	0	0	0.32	0	1	0	0	0	0	0	0	1	0	3.0841837197791886	3.667e-06
0.05	5	0.04	0	0	0.32	0	1	0	0	0	0	0	0	1	0	3.046439344671015	3.667e-06
0.06	5	0.05	0	0	0.31	0	1	0	0	0	0	0	0	1	0	3.246439344671016	3.667e-06
0.08	5	0.04	0	0	0.32	0	1	0	0	0	0	0	0	1	0	3.0841837197791886	3.667e-06
0.08	5	0.04	0	0	0.34	0	1	0	0	0	0	0	0	1	0	3.3086949695628416	3.667e-06
0.07	5	0.04	0	0	0.33	0	1	0	0	0	0	0	0	1	0	3.084183719779189	3.667e-06
0.07	5	0.02	0	0	0.01	0	1	0	0	0	0	0	0	1	0	3.0282129458410014	3.667e-06
0.07	5	0.05	0	0	0.32	0	1	0	0	0	0	0	0	1	0	3.0219280948873624	3.667e-06
0.31	4	0.31	4	0	0.04	0	0	1	1	0	0	0	1	0	0	2.9464393446710155	3.945e-09
0.11	5	0.11	5	0	0.01	0	1	0	0	0	0	0	0	1	0	3.208694969562841	2.551e-06
0.0	5	0.0	5	0	0.01	0	0	1	0	0	0	0	1	0	0	0.8475846798245739	2.551e-06
0.29	7	0.29	7	0	0.06	0	1	0	0	0	0	0	0	1	0	3.170950594454668	1.715e-11
0.29	7	0.29	7	0	0.06	0	1	0	0	0	0	0	0	1	0	3.170950594454668	1.715e-11
0.29	7	0.29	7	0	0.06	0	1	0	0	0	0	0	0	1	0	3.146439344671016	1.715e-11
0.29	7	0.29	7	0	0.06	0	1	0	0	0	0	0	0	1	0	3.170950594454668	1.715e-11
0.29	7	0.29	7	0	0.06	0	1	0	0	0	0	0	0	1	0	3.146439344671016	1.715e-11
0.29	7	0.29	7	0	0.06	0	1	0	0	0	0	0	0	1	0	3.146439344671016	1.715e-11
0.05	5	0.05	5	0	0.1	0	1	0	0	0	0	0	0	1	0	-0.0	2.927e-10
0.05	5	0.05	5	0	0.1	0	1	0	0	0	0	0	0	1	0	-0.0	2.927e-10
0.06	5	0.06	5	0	0.06	0	1	0	0	0	0	0	0	1	0	3.246439344671016	2.927e-10
1.0	5	1.0	5	1	0.64	0	1	0	0	0	0	0	1	0	0	0.28639695711595625	2.927e-10
0.03	5	0.03	5	0	0.02	0	1	0	0	0	0	0	0	1	0	2.7709505944546686	2.927e-10
0.13	6	0.06	1	0	0.16	0	1	0	0	0	0	0	0	0	1	2.903701696057348	1.43e-11
0.13	6	0.06	1	0	0.16	0	1	0	0	0	0	0	0	0	1	2.903701696057348	1.43e-11
0.13	8	0.13	8	0	0.01	0	1	0	0	0	0	0	0	0	1	2.7659573209491746	4.418e-11
0.07	8	0.06	-1	0	0.01	0	1	0	0	0	0	0	1	0	0	2.9709505944546684	4.6380000000000006e-11
0.53	7	0.53	7	0	0.01	0	0	1	0	0	0	0	0	1	0	2.6709505944546676	1.368e-07
0.55	7	0.55	7	0	0.01	0	0	1	0	0	0	0	0	1	0	2.5211274733371867	1.368e-07
0.54	7	0.54	7	0	0.01	0	0	1	0	0	0	0	0	1	0	2.4804820237218403	1.368e-07
0.53	7	0.53	7	0	0.01	0	0	1	0	0	0	0	0	1	0	2.6709505944546676	1.368e-07
0.54	7	0.54	7	0	0.01	0	0	1	0	0	0	0	0	1	0	2.4804820237218403	1.368e-07
0.54	7	0.54	7	0	0.01	0	0	1	0	0	0	0	0	1	0	2.4804820237218403	1.368e-07
0.55	7	0.55	7	0	0.01	0	0	1	0	0	0	0	0	1	0	2.5211274733371867	1.368e-07
0.23	5	0.23	5	0	0.02	0	1	0	0	0	0	0	0	1	0	3.1414460711655217	4.274e-06
0.22	5	0.22	5	0	0.02	0	1	0	0	0	0	0	0	1	0	2.9086949695628417	4.274e-06
0.07	5	0.07	5	0	0.03	0	1	0	0	0	0	0	0	0	1	3.146439344671016	9.634e-07
0.07	5	0.07	5	0	0.03	0	1	0	0	0	0	0	0	0	1	3.1841837197791887	9.634e-07
0.11	5	0.11	5	0	0.11	1	0	0	0	0	0	0	0	0	1	3.2709505944546686	9.634e-07
0.04	5	0.04	5	0	0.05	1	0	0	0	0	0	0	0	0	1	2.9464393446710155	9.634e-07
0.07	5	0.07	5	0	0.03	0	1	0	0	0	0	0	0	0	1	3.146439344671016	9.634e-07
0.07	5	0.07	5	0	0.03	0	1	0	0	0	0	0	0	0	1	3.146439344671016	9.634e-07
0.07	5	0.07	5	0	0.03	0	1	0	0	0	0	0	0	0	1	3.1841837197791887	9.634e-07
0.11	5	0.11	5	0	0.11	1	0	0	0	0	0	0	0	0	1	3.2709505944546686	9.634e-07
0.04	5	0.04	5	0	0.05	1	0	0	0	0	0	0	0	0	1	2.9464393446710155	9.634e-07
0.07	5	0.07	5	0	0.03	0	1	0	0	0	0	0	0	0	1	3.1841837197791887	9.634e-07
0.04	5	0.04	5	0	0.05	1	0	0	0	0	0	0	0	0	1	2.9464393446710155	9.634e-07
0.44	6	0.05	1	0	0.01	0	1	0	0	0	0	0	0	1	0	2.7659573209491746	1.6899999999999999e-16
0.31	4	0.14	3	0	0.35	0	1	0	0	0	0	0	0	0	1	2.695461844238322	1.6899999999999999e-16
0.07	6	0.02	1	0	0.05	0	1	0	0	0	0	0	0	0	1	3.0282129458410014	1.2880000000000002e-07
0.24	4	0.24	4	0	0.01	0	1	0	0	0	0	0	0	1	0	2.728212945841001	5.546000000000001e-07
0.08	5	0.08	5	1	0.73	0	1	0	0	0	0	0	0	1	0	2.7232196723355084	6.110000000000001e-07
0.05	5	0.27	2	0	0.5	0	1	0	0	0	0	0	0	1	0	2.9086949695628417	6.327e-07
0.11	5	0.04	-1	0	0.27	0	1	0	0	0	0	0	0	1	0	3.103701696057348	1.87e-09
0.05	5	0.01	0	0	0.09	0	1	0	0	0	0	0	0	1	0	3.146439344671016	1.886e-07
0.22	4	0.2	3	1	0.79	0	1	0	0	0	0	0	0	0	1	2.070950594454669	2.274e-06
0.95	6	0.95	6	0	0.03	1	0	0	0	0	0	0	1	0	0	0.5689955935892812	2.5140000000000002e-20
0.07	4	0.76	3	0	0.01	0	1	0	0	0	0	0	0	0	1	1.6567796494470397	7.877e-18
0.07	4	0.74	3	0	0.01	0	1	0	0	0	0	0	0	0	1	1.9332062193464952	7.877e-18
0.07	4	0.74	3	0	0.01	0	1	0	0	0	0	0	0	0	1	1.9332062193464952	7.877e-18
