0.19	8	0.19	8	0	0.01	0	1	0	0	0	0	0	0	1	0	0.8475846798245739	9.073e-11
0.08	8	0.08	8	0	0.01	0	0	1	0	0	0	0	0	1	0	0.8475846798245739	9.073e-11
0.16	8	0.16	8	0	0.01	1	0	0	0	0	0	0	0	1	0	1.1540157730728	9.073e-11
0.16	4	0.09	1	1	0.81	0	1	0	0	0	0	0	0	1	0	2.8282129458410017	1.772e-08
0.19	4	0.08	1	1	0.83	0	1	0	0	0	0	0	0	1	0	2.565957320949175	1.772e-08
0.14	5	0.14	5	0	0.06	0	1	0	0	0	0	0	1	0	0	3.146439344671016	2.678e-10
0.19	5	0.19	5	0	0.03	1	0	0	0	0	0	0	0	1	0	2.9659573209491747	2.678e-10
0.19	5	0.19	5	0	0.04	0	1	0	0	0	0	0	0	0	1	3.165957320949175	2.678e-10
0.19	5	0.19	5	0	0.03	1	0	0	0	0	0	0	0	0	1	2.9659573209491747	2.678e-10
0.17	5	0.17	5	0	0.06	0	1	0	0	0	0	0	1	0	0	3.170950594454669	2.678e-10
0.16	5	0.16	5	0	0.02	1	0	0	0	0	0	0	0	1	0	3.2414460711655217	2.678e-10
0.19	5	0.19	5	0	0.03	1	0	0	0	0	0	0	0	1	0	2.9659573209491747	2.678e-10
0.19	5	0.19	5	0	0.03	1	0	0	0	0	0	0	0	0	1	2.9659573209491747	2.678e-10
0.14	5	0.14	5	0	0.06	0	1	0	0	0	0	0	1	0	0	3.146439344671016	2.678e-10
0.14	5	0.14	5	0	0.06	0	1	0	0	0	0	0	1	0	0	3.146439344671016	2.678e-10
0.17	5	0.17	5	0	0.06	0	1	0	0	0	0	0	1	0	0	3.170950594454669	2.678e-10
0.19	5	0.19	5	0	0.03	1	0	0	0	0	0	0	0	0	1	2.9659573209491747	2.678e-10
0.19	5	0.19	5	0	0.04	0	1	0	0	0	0	0	0	0	1	3.165957320949175	2.678e-10
0.19	5	0.19	5	0	0.03	1	0	0	0	0	0	0	0	1	0	2.9659573209491747	2.678e-10
0.19	5	0.19	5	0	0.04	0	1	0	0	0	0	0	0	0	1	3.165957320949175	2.678e-10
0.17	5	0.17	5	0	0.06	0	1	0	0	0	0	0	1	0	0	3.170950594454669	2.678e-10
0.16	5	0.16	5	0	0.02	1	0	0	0	0	0	0	0	1	0	3.2414460711655217	2.678e-10
0.18	5	0.18	5	0	0.04	1	0	0	0	0	0	0	0	0	1	3.103701696057348	2.678e-10
0.53	9	0.53	9	0	0.01	0	1	0	0	0	0	0	0	1	0	2.8037016960573484	3.46e-10
0.89	9	0.89	9	0	0.01	0	1	0	0	0	0	0	1	0	0	1.2192407046368487	3.46e-10
0.84	9	0.84	9	0	0.01	0	1	0	0	0	0	0	1	0	0	1.4904685707328282	3.46e-10
0.88	9	0.88	9	0	0.01	0	1	0	0	0	0	0	1	0	0	1.4609640474436811	3.46e-10
0.85	9	0.85	9	0	0.01	0	1	0	0	0	0	0	0	1	0	1.6783898247235198	3.46e-10
0.83	9	0.83	9	0	0.01	0	1	0	0	0	0	0	1	0	0	1.7854752972273344	3.46e-10
0.74	4	0.01	0	0	0.04	0	0	1	0	0	0	0	0	1	0	1.643751954420502	3.46e-10
0.89	9	0.89	9	0	0.01	0	1	0	0	0	0	0	1	0	0	1.2192407046368487	3.46e-10
0.88	9	0.88	9	0	0.01	0	1	0	0	0	0	0	1	0	0	1.4609640474436811	3.46e-10
0.53	9	0.53	9	0	0.01	0	1	0	0	0	0	0	0	1	0	2.8037016960573484	3.46e-10
0.53	9	0.53	9	0	0.01	0	1	0	0	0	0	0	0	1	0	2.8037016960573484	3.46e-10
0.85	9	0.85	9	0	0.01	0	1	0	0	0	0	0	0	1	0	1.6783898247235198	3.46e-10
0.88	9	0.88	9	0	0.01	0	1	0	0	0	0	0	1	0	0	1.4609640474436811	3.46e-10
0.84	9	0.84	9	0	0.01	0	1	0	0	0	0	0	1	0	0	1.4904685707328282	3.46e-10
0.89	9	0.89	9	0	0.01	0	1	0	0	0	0	0	1	0	0	1.2192407046368487	3.46e-10
0.84	9	0.84	9	0	0.01	0	1	0	0	0	0	0	1	0	0	1.4904685707328282	3.46e-10
0.85	9	0.85	9	0	0.01	0	1	0	0	0	0	0	0	1	0	1.6783898247235198	3.46e-10
0.74	4	0.01	0	0	0.04	0	0	1	0	0	0	0	0	1	0	1.643751954420502	3.46e-10
0.83	9	0.83	9	0	0.01	0	1	0	0	0	0	0	1	0	0	1.7854752972273344	3.46e-10
0.94	9	0.94	9	0	0.01	0	1	0	0	0	0	0	1	0	0	1.1411535278793057	3.46e-10
0.26	7	0.26	7	0	0.01	1	0	0	0	0	0	0	0	1	0	2.9016094970590283	9.787e-17
0.26	7	0.26	7	0	0.01	1	0	0	0	0	0	0	0	1	0	2.9016094970590283	9.787e-17
0.24	7	0.24	7	0	0.01	0	1	0	0	0	0	0	0	1	0	2.9393538721672012	9.787e-17
0.42	7	0.42	7	0	0.01	0	1	0	0	0	0	0	0	1	0	1.8166422780956524	9.787e-17
0.26	7	0.26	7	0	0.01	1	0	0	0	0	0	0	0	1	0	2.9016094970590283	9.787e-17
0.05	8	0.05	8	0	0.32	0	1	0	0	0	0	0	0	1	0	2.8709505944546683	2.507e-10
0.05	8	0.05	8	0	0.29	0	1	0	0	0	0	0	0	1	0	2.9282129458410013	2.507e-10
0.05	8	0.05	8	0	0.32	0	1	0	0	0	0	0	0	1	0	2.8709505944546683	2.507e-10
0.08	8	0.08	8	0	0.1	0	1	0	0	0	0	0	0	1	0	2.846439344671015	2.507e-10
0.05	8	0.05	8	0	0.15	0	1	0	0	0	0	0	0	1	0	2.8086949695628416	2.507e-10
0.06	6	0.07	-3	0	0.01	0	1	0	0	0	0	0	1	0	0	3.1841837197791887	2.933e-14
0.06	6	0.07	-3	0	0.01	0	1	0	0	0	0	0	1	0	0	3.1841837197791887	2.933e-14
0.07	6	0.08	-3	0	0.01	0	1	0	0	0	0	0	1	0	0	3.3219280948873617	2.933e-14
0.49	7	0.49	7	0	0.28	0	1	0	0	0	0	0	0	0	1	2.0804820237218404	4.946e-30
0.48	7	0.48	7	0	0.23	0	1	0	0	0	0	0	0	0	1	2.0192407046368492	4.946e-30
0.44	7	0.44	7	0	0.17	0	1	0	0	0	0	0	0	0	1	2.25677964944704	4.946e-30
0.47	7	0.47	7	0	0.35	0	1	0	0	0	0	0	0	0	1	2.314979820516481	4.946e-30
0.16	4	0.05	-2	0	0.01	0	0	1	0	0	0	0	0	0	1	3.3086949695628416	9.662e-09
0.14	4	0.03	-2	0	0.01	0	0	1	0	0	0	0	0	0	1	3.3086949695628416	9.662e-09
0.09	4	0.06	-2	0	0.01	0	0	1	0	0	0	0	0	0	1	3.246439344671016	9.662e-09
0.14	4	0.04	-2	0	0.01	0	0	1	0	0	0	0	0	0	1	3.2464393446710162	9.662e-09
0.19	4	0.0	-2	0	0.05	0	0	1	0	0	0	0	0	0	1	1.8166422780956524	9.662e-09
0.16	4	0.05	-2	0	0.01	0	0	1	0	0	0	0	0	0	1	3.3086949695628416	9.662e-09
0.14	4	0.03	-2	0	0.01	0	0	1	0	0	0	0	0	0	1	3.3086949695628416	9.662e-09
0.14	4	0.03	-2	0	0.01	0	0	1	0	0	0	0	0	0	1	3.3086949695628416	9.662e-09
0.62	4	0.0	-2	0	0.03	0	1	0	0	0	0	0	0	0	1	0.5689955935892812	9.662e-09
0.09	4	0.06	-2	0	0.01	0	0	1	0	0	0	0	0	0	1	3.246439344671016	9.662e-09
0.11	4	0.06	-2	0	0.01	0	0	1	0	0	0	0	0	0	1	2.8037016960573484	9.662e-09
0.12	4	0.06	-2	0	0.01	0	0	1	0	0	0	0	0	0	1	3.0841837197791886	9.662e-09
0.1	4	0.07	-2	0	0.01	0	0	1	0	0	0	0	0	0	1	2.839353872167201	9.662e-09
0.37	5	0.37	5	0	0.03	0	0	1	0	0	0	0	0	0	1	2.463865121950854	9.748e-09
0.35	5	0.35	5	0	0.03	0	0	1	0	0	0	0	0	0	1	2.441446071165521	9.748e-09
0.37	5	0.37	5	0	0.03	0	0	1	0	0	0	0	0	0	1	2.463865121950854	9.748e-09
0.35	5	0.35	5	0	0.03	0	0	1	0	0	0	0	0	0	1	2.441446071165521	9.748e-09
0.08	5	0.08	5	0	0.04	0	0	1	0	0	0	0	1	0	0	2.8232196723355085	4.3649999999999995e-19
0.07	5	0.07	5	0	0.02	1	0	0	0	0	0	0	1	0	0	3.1037016960573482	4.3649999999999995e-19
0.31	4	0.31	4	0	0.04	0	0	1	1	0	0	0	1	0	0	2.9464393446710155	3.945e-09
0.29	7	0.29	7	0	0.06	0	1	0	0	0	0	0	0	1	0	3.170950594454668	1.715e-11
0.29	7	0.29	7	0	0.06	0	1	0	0	0	0	0	0	1	0	3.170950594454668	1.715e-11
0.29	7	0.29	7	0	0.06	0	1	0	0	0	0	0	0	1	0	3.146439344671016	1.715e-11
0.29	7	0.29	7	0	0.06	0	1	0	0	0	0	0	0	1	0	3.170950594454668	1.715e-11
0.29	7	0.29	7	0	0.06	0	1	0	0	0	0	0	0	1	0	3.146439344671016	1.715e-11
0.29	7	0.29	7	0	0.06	0	1	0	0	0	0	0	0	1	0	3.146439344671016	1.715e-11
0.05	5	0.05	5	0	0.1	0	1	0	0	0	0	0	0	1	0	-0.0	2.927e-10
0.05	5	0.05	5	0	0.1	0	1	0	0	0	0	0	0	1	0	-0.0	2.927e-10
0.06	5	0.06	5	0	0.06	0	1	0	0	0	0	0	0	1	0	3.246439344671016	2.927e-10
1.0	5	1.0	5	1	0.64	0	1	0	0	0	0	0	1	0	0	0.28639695711595625	2.927e-10
0.03	5	0.03	5	0	0.02	0	1	0	0	0	0	0	0	1	0	2.7709505944546686	2.927e-10
0.13	6	0.06	1	0	0.16	0	1	0	0	0	0	0	0	0	1	2.903701696057348	1.43e-11
0.13	6	0.06	1	0	0.16	0	1	0	0	0	0	0	0	0	1	2.903701696057348	1.43e-11
0.13	8	0.13	8	0	0.01	0	1	0	0	0	0	0	0	0	1	2.7659573209491746	4.418e-11
0.07	8	0.06	-1	0	0.01	0	1	0	0	0	0	0	1	0	0	2.9709505944546684	4.6380000000000006e-11
0.44	6	0.05	1	0	0.01	0	1	0	0	0	0	0	0	1	0	2.7659573209491746	1.6899999999999999e-16
0.31	4	0.14	3	0	0.35	0	1	0	0	0	0	0	0	0	1	2.695461844238322	1.6899999999999999e-16
0.11	5	0.04	-1	0	0.27	0	1	0	0	0	0	0	0	1	0	3.103701696057348	1.87e-09
0.95	6	0.95	6	0	0.03	1	0	0	0	0	0	0	1	0	0	0.5689955935892812	2.5140000000000002e-20
0.07	4	0.76	3	0	0.01	0	1	0	0	0	0	0	0	0	1	1.6567796494470397	7.877e-18
0.07	4	0.74	3	0	0.01	0	1	0	0	0	0	0	0	0	1	1.9332062193464952	7.877e-18
0.07	4	0.74	3	0	0.01	0	1	0	0	0	0	0	0	0	1	1.9332062193464952	7.877e-18
