0.19	8	0.19	8	0	0.01	0	1	0	0	0	0	0	0	1	0	0.8475846798245739	9.073e-11
0.08	8	0.08	8	0	0.01	0	0	1	0	0	0	0	0	1	0	0.8475846798245739	9.073e-11
0.16	8	0.16	8	0	0.01	1	0	0	0	0	0	0	0	1	0	1.1540157730728	9.073e-11
0.15	5	0.15	5	0	0.24	0	1	0	0	0	0	0	1	0	0	2.9464393446710155	5.386e-08
0.04	5	0.04	5	0	0.01	0	1	0	0	0	0	0	0	1	0	3.146439344671016	0.00025380000000000004
0.05	5	0.05	5	0	0.01	0	1	0	0	0	0	0	0	1	0	3.103701696057348	0.00025380000000000004
0.05	5	0.05	5	0	0.01	0	1	0	0	0	0	0	0	1	0	3.341446071165522	0.00025380000000000004
0.05	5	0.05	5	0	0.01	0	1	0	0	0	0	0	0	1	0	3.341446071165522	0.00025380000000000004
0.68	6	0.68	6	0	0.01	0	1	0	0	0	0	0	1	0	0	2.0232196723355083	1.4430000000000004e-06
0.68	6	0.68	6	0	0.01	0	1	0	0	0	0	0	1	0	0	2.0232196723355083	1.4430000000000004e-06
0.0	6	0.0	6	0	0.01	0	1	0	0	0	0	0	1	0	0	1.5567796494470396	1.4430000000000004e-06
0.0	6	0.0	6	0	0.01	0	1	0	0	0	0	0	1	0	0	2.833206219346496	1.4430000000000004e-06
0.19	5	0.0	-3	0	0.04	0	1	0	0	0	0	0	1	0	0	2.8393538721672007	4.844e-06
0.05	7	0.05	7	0	0.01	0	1	0	0	0	0	0	1	0	0	3.2709505944546686	4.225e-05
0.27	4	0.27	4	0	0.01	0	1	0	0	0	0	0	0	0	1	1.9804820237218408	1.675e-06
0.29	4	0.29	4	0	0.01	1	0	0	0	0	0	0	0	0	1	1.6709505944546683	1.675e-06
0.33	4	0.33	4	0	0.01	0	1	0	0	0	0	0	0	0	1	1.7709505944546686	1.675e-06
0.07	6	0.07	6	0	0.42	0	0	1	1	0	0	0	1	0	0	2.4954618442383216	3.965e-05
0.07	6	0.07	6	0	0.45	0	0	1	1	0	0	0	1	0	0	2.323219672335508	3.965e-05
0.07	6	0.07	6	0	0.45	0	0	1	1	0	0	0	1	0	0	2.323219672335508	3.965e-05
0.07	6	0.07	6	0	0.42	0	0	1	1	0	0	0	1	0	0	2.4954618442383216	3.965e-05
0.07	6	0.07	6	0	0.47	0	0	1	1	0	0	0	1	0	0	2.181496329528676	3.965e-05
0.07	6	0.07	6	0	0.42	0	0	1	1	0	0	0	1	0	0	2.4954618442383216	3.965e-05
0.07	6	0.07	6	0	0.45	0	0	1	1	0	0	0	1	0	0	2.323219672335508	3.965e-05
0.13	5	0.03	1	0	0.01	1	0	0	0	0	0	0	1	0	0	3.0414460711655216	2.751e-05
0.11	5	0.02	1	0	0.01	1	0	0	0	0	0	0	1	0	0	2.9282129458410013	2.751e-05
0.06	4	0.08	0	0	0.06	1	0	0	0	0	0	0	1	0	0	3.3841837197791893	5.569e-06
0.07	4	0.09	0	0	0.05	0	1	0	0	0	0	0	1	0	0	3.2414460711655213	5.569e-06
0.07	4	0.09	0	0	0.05	0	1	0	0	0	0	0	1	0	0	3.2414460711655213	5.569e-06
0.11	6	0.11	6	0	0.37	0	0	1	1	1	0	0	0	1	0	2.7659573209491746	8.949e-05
0.13	6	0.13	6	0	0.26	0	0	1	1	1	0	0	0	1	0	2.6709505944546676	8.949e-05
0.16	6	0.16	6	0	0.41	0	0	1	1	1	0	0	0	1	0	2.319240704636849	8.949e-05
0.07	6	0.07	6	1	0.71	0	1	0	0	0	0	0	0	1	0	3.208694969562841	0.0002206
0.05	5	0.04	0	0	0.17	0	1	0	0	0	0	0	0	0	1	2.9709505944546684	3.053e-05
0.06	5	0.04	0	0	0.2	0	1	0	0	0	0	0	0	0	1	3.065957320949175	3.053e-05
0.05	5	0.04	0	0	0.17	0	1	0	0	0	0	0	0	0	1	2.9282129458410013	3.053e-05
0.06	5	0.04	0	0	0.2	0	1	0	0	0	0	0	0	0	1	3.065957320949175	3.053e-05
0.12	5	0.04	0	0	0.01	0	1	0	0	0	0	0	0	0	1	3.184183719779188	3.053e-05
0.11	5	0.04	0	0	0.01	0	1	0	0	0	0	0	0	0	1	3.0086949695628418	3.053e-05
0.11	5	0.04	0	0	0.03	1	0	0	0	0	0	0	0	0	1	3.146439344671016	3.053e-05
0.05	5	0.04	0	0	0.17	0	1	0	0	0	0	0	0	0	1	2.9282129458410013	3.053e-05
0.05	5	0.04	0	0	0.17	0	1	0	0	0	0	0	0	0	1	2.9282129458410013	3.053e-05
0.11	4	0.11	4	0	0.01	0	1	0	0	0	0	0	1	0	0	2.7219280948873616	0.0001067
0.12	4	0.12	4	0	0.01	0	1	0	0	0	0	0	1	0	0	3.0219280948873615	0.0001067
0.01	4	0.03	0	0	0.01	0	0	1	0	0	0	0	0	1	0	2.421127473337187	0.0003093
0.02	4	0.03	0	0	0.01	0	1	0	0	0	0	0	0	1	0	2.628212945841001	0.0003093
0.53	4	0.53	4	0	0.0	0	1	0	0	0	0	0	0	0	1	2.6219280948873624	0.0001969
0.51	4	0.51	4	0	0.0	0	1	0	0	0	0	0	0	0	1	2.6588718484453606	0.0001969
0.53	4	0.53	4	0	0.0	0	1	0	0	0	0	0	0	0	1	2.6219280948873624	0.0001969
0.42	4	0.11	1	0	0.01	0	1	0	0	0	0	0	1	0	0	2.8232196723355085	0.0001221
0.55	7	0.55	7	0	0.05	0	1	0	0	0	0	0	0	1	0	2.323219672335508	0.0001743
0.45	7	0.45	7	0	0.06	0	1	0	0	0	0	0	0	1	0	2.6841837197791887	0.0001743
0.54	7	0.54	7	0	0.04	0	1	0	0	0	0	0	0	1	0	2.3588718484453604	0.0001743
0.24	4	0.1	3	0	0.03	0	1	0	0	0	0	0	0	1	0	3.103701696057348	0.0004787
0.39	6	0.39	6	0	0.03	0	1	0	0	0	0	0	1	0	0	2.319240704636849	0.0004692
0.05	6	0.08	0	0	0.18	0	1	0	0	0	0	0	1	0	0	3.108694969562842	6.909e-07
0.05	6	0.08	0	0	0.18	0	1	0	0	0	0	0	1	0	0	3.108694969562842	6.909e-07
0.05	6	0.08	0	0	0.18	0	1	0	0	0	0	0	1	0	0	3.108694969562842	6.909e-07
0.05	6	0.06	0	0	0.11	0	1	0	0	0	0	0	1	0	0	2.903701696057348	6.909e-07
0.13	4	0.13	4	0	0.15	0	0	1	1	0	0	0	0	1	0	3.2037016960573483	5.629e-07
0.13	4	0.13	4	0	0.15	0	0	1	1	0	0	0	0	1	0	3.2037016960573483	5.629e-07
0.13	4	0.13	4	0	0.15	0	0	1	1	0	0	0	0	1	0	3.2037016960573483	5.629e-07
0.12	4	0.12	4	0	0.19	0	0	1	1	0	0	0	0	1	0	2.8086949695628416	5.629e-07
0.16	4	0.09	1	1	0.81	0	1	0	0	0	0	0	0	1	0	2.8282129458410017	1.772e-08
0.19	4	0.08	1	1	0.83	0	1	0	0	0	0	0	0	1	0	2.565957320949175	1.772e-08
0.04	6	0.04	-1	0	0.01	0	0	1	0	0	0	0	0	1	0	2.846439344671015	7.461e-06
0.08	6	0.05	-1	0	0.01	0	0	1	0	0	0	0	0	0	1	3.003701696057348	7.461e-06
0.09	6	0.04	-1	0	0.01	0	0	1	0	0	0	0	0	0	1	3.3841837197791884	7.461e-06
0.09	6	0.04	-1	0	0.01	0	0	1	0	0	0	0	0	0	1	3.4841837197791885	7.461e-06
0.09	6	0.04	-1	0	0.01	0	0	1	0	0	0	0	0	0	1	3.3841837197791884	7.461e-06
0.08	6	0.06	-1	0	0.01	0	0	1	0	0	0	0	0	1	0	3.0086949695628418	7.461e-06
0.09	6	0.04	-1	0	0.01	0	0	1	0	0	0	0	0	0	1	3.4841837197791885	7.461e-06
0.1	6	0.1	1	0	0.25	0	0	1	0	0	0	0	0	1	0	3.0086949695628418	5.116e-05
0.05	6	0.06	1	0	0.25	0	0	1	0	0	0	0	0	1	0	1.2954618442383221	5.116e-05
0.18	4	0.35	3	0	0.04	0	1	0	0	0	0	0	0	1	0	3.0086949695628418	4.644e-05
0.18	4	0.35	3	0	0.04	0	1	0	0	0	0	0	0	1	0	3.0086949695628418	4.644e-05
0.23	4	0.31	3	0	0.01	0	1	0	0	0	0	0	0	1	0	2.670950594454669	4.644e-05
0.15	4	0.3	3	0	0.04	0	1	0	0	0	0	0	0	1	0	3.003701696057348	4.644e-05
0.11	5	0.11	5	0	0.41	0	1	0	0	0	0	0	0	1	0	3.2219280948873616	0.0001171
0.11	6	0.11	6	0	0.06	1	0	0	0	0	0	0	0	1	0	3.146439344671016	0.0004215
0.08	6	0.08	6	0	0.05	1	0	0	0	0	0	0	0	1	0	3.2464393446710162	0.0004215
0.02	6	0.02	6	0	0.01	0	1	0	0	0	0	0	1	0	0	3.2841837197791888	0.00035039999999999995
0.42	5	0.42	5	0	0.03	1	0	0	0	0	0	0	0	1	0	2.7037016960573483	0.0001213
0.41	5	0.41	5	0	0.03	1	0	0	0	0	0	0	0	1	0	2.565957320949175	0.0001213
0.42	5	0.42	5	0	0.03	0	1	0	0	0	0	0	0	1	0	2.6854752972273346	0.0001213
0.38	5	0.38	5	0	0.03	0	1	0	0	0	0	0	0	1	0	2.5086949695628418	0.0001213
0.4	5	0.4	5	0	0.03	0	1	0	0	0	0	0	0	1	0	2.4659573209491747	0.0001213
0.42	5	0.42	5	0	0.03	1	0	0	0	0	0	0	0	1	0	2.490468570732828	0.0001213
0.43	5	0.43	5	0	0.03	1	0	0	0	0	0	0	0	1	0	2.5211274733371867	0.0001213
0.41	5	0.41	5	0	0.02	0	1	0	0	0	0	0	0	1	0	2.5232196723355083	0.0001213
0.41	5	0.41	5	0	0.03	1	0	0	0	0	0	0	0	1	0	2.646439344671016	0.0001213
0.41	5	0.41	5	0	0.03	0	1	0	0	0	0	0	0	1	0	2.4659573209491747	0.0001213
0.33	5	0.33	5	0	0.03	1	0	0	0	0	0	0	0	0	1	2.9086949695628417	0.0001213
0.39	5	0.39	5	0	0.03	0	1	0	0	0	0	0	0	1	0	2.5232196723355083	0.0001213
0.31	5	0.31	5	0	0.02	0	1	0	0	0	0	0	0	1	0	2.3854752972273343	0.0001213
0.2	5	0.2	5	0	0.05	0	1	0	0	0	0	0	1	0	0	3.0086949695628418	1.036e-05
0.2	5	0.2	5	0	0.05	0	1	0	0	0	0	0	1	0	0	3.0086949695628418	1.036e-05
0.7	5	0.7	5	0	0.08	0	1	0	0	0	0	0	1	0	0	1.6567796494470397	1.036e-05
0.2	5	0.2	5	0	0.05	0	1	0	0	0	0	0	1	0	0	3.0086949695628418	1.036e-05
0.2	5	0.2	5	0	0.05	0	1	0	0	0	0	0	1	0	0	3.0086949695628418	1.036e-05
0.2	5	0.2	5	0	0.05	0	1	0	0	0	0	0	1	0	0	3.0086949695628418	1.036e-05
0.05	5	0.05	5	0	0.03	0	1	0	0	0	0	0	1	0	0	3.103701696057348	1.036e-05
0.32	6	0.32	6	0	0.01	0	1	0	0	0	0	0	0	0	1	1.6567796494470397	3.945e-05
0.3	6	0.3	6	0	0.01	0	1	0	0	0	0	0	0	0	1	2.0709505944546684	3.945e-05
0.14	5	0.14	5	0	0.06	0	1	0	0	0	0	0	1	0	0	3.146439344671016	2.678e-10
0.19	5	0.19	5	0	0.03	1	0	0	0	0	0	0	0	1	0	2.9659573209491747	2.678e-10
0.19	5	0.19	5	0	0.04	0	1	0	0	0	0	0	0	0	1	3.165957320949175	2.678e-10
0.19	5	0.19	5	0	0.03	1	0	0	0	0	0	0	0	0	1	2.9659573209491747	2.678e-10
0.17	5	0.17	5	0	0.06	0	1	0	0	0	0	0	1	0	0	3.170950594454669	2.678e-10
0.16	5	0.16	5	0	0.02	1	0	0	0	0	0	0	0	1	0	3.2414460711655217	2.678e-10
0.19	5	0.19	5	0	0.03	1	0	0	0	0	0	0	0	1	0	2.9659573209491747	2.678e-10
0.19	5	0.19	5	0	0.03	1	0	0	0	0	0	0	0	0	1	2.9659573209491747	2.678e-10
0.14	5	0.14	5	0	0.06	0	1	0	0	0	0	0	1	0	0	3.146439344671016	2.678e-10
0.14	5	0.14	5	0	0.06	0	1	0	0	0	0	0	1	0	0	3.146439344671016	2.678e-10
0.17	5	0.17	5	0	0.06	0	1	0	0	0	0	0	1	0	0	3.170950594454669	2.678e-10
0.19	5	0.19	5	0	0.03	1	0	0	0	0	0	0	0	0	1	2.9659573209491747	2.678e-10
0.19	5	0.19	5	0	0.04	0	1	0	0	0	0	0	0	0	1	3.165957320949175	2.678e-10
0.19	5	0.19	5	0	0.03	1	0	0	0	0	0	0	0	1	0	2.9659573209491747	2.678e-10
0.19	5	0.19	5	0	0.04	0	1	0	0	0	0	0	0	0	1	3.165957320949175	2.678e-10
0.17	5	0.17	5	0	0.06	0	1	0	0	0	0	0	1	0	0	3.170950594454669	2.678e-10
0.16	5	0.16	5	0	0.02	1	0	0	0	0	0	0	0	1	0	3.2414460711655217	2.678e-10
0.18	5	0.18	5	0	0.04	1	0	0	0	0	0	0	0	0	1	3.103701696057348	2.678e-10
0.53	9	0.53	9	0	0.01	0	1	0	0	0	0	0	0	1	0	2.8037016960573484	3.46e-10
0.89	9	0.89	9	0	0.01	0	1	0	0	0	0	0	1	0	0	1.2192407046368487	3.46e-10
0.84	9	0.84	9	0	0.01	0	1	0	0	0	0	0	1	0	0	1.4904685707328282	3.46e-10
0.88	9	0.88	9	0	0.01	0	1	0	0	0	0	0	1	0	0	1.4609640474436811	3.46e-10
0.85	9	0.85	9	0	0.01	0	1	0	0	0	0	0	0	1	0	1.6783898247235198	3.46e-10
0.83	9	0.83	9	0	0.01	0	1	0	0	0	0	0	1	0	0	1.7854752972273344	3.46e-10
0.74	4	0.01	0	0	0.04	0	0	1	0	0	0	0	0	1	0	1.643751954420502	3.46e-10
0.89	9	0.89	9	0	0.01	0	1	0	0	0	0	0	1	0	0	1.2192407046368487	3.46e-10
0.88	9	0.88	9	0	0.01	0	1	0	0	0	0	0	1	0	0	1.4609640474436811	3.46e-10
0.53	9	0.53	9	0	0.01	0	1	0	0	0	0	0	0	1	0	2.8037016960573484	3.46e-10
0.53	9	0.53	9	0	0.01	0	1	0	0	0	0	0	0	1	0	2.8037016960573484	3.46e-10
0.85	9	0.85	9	0	0.01	0	1	0	0	0	0	0	0	1	0	1.6783898247235198	3.46e-10
0.88	9	0.88	9	0	0.01	0	1	0	0	0	0	0	1	0	0	1.4609640474436811	3.46e-10
0.84	9	0.84	9	0	0.01	0	1	0	0	0	0	0	1	0	0	1.4904685707328282	3.46e-10
0.89	9	0.89	9	0	0.01	0	1	0	0	0	0	0	1	0	0	1.2192407046368487	3.46e-10
0.84	9	0.84	9	0	0.01	0	1	0	0	0	0	0	1	0	0	1.4904685707328282	3.46e-10
0.85	9	0.85	9	0	0.01	0	1	0	0	0	0	0	0	1	0	1.6783898247235198	3.46e-10
0.74	4	0.01	0	0	0.04	0	0	1	0	0	0	0	0	1	0	1.643751954420502	3.46e-10
0.83	9	0.83	9	0	0.01	0	1	0	0	0	0	0	1	0	0	1.7854752972273344	3.46e-10
0.94	9	0.94	9	0	0.01	0	1	0	0	0	0	0	1	0	0	1.1411535278793057	3.46e-10
0.33	5	0.33	5	0	0.07	0	1	0	0	0	0	0	0	0	1	2.846439344671015	7.746e-05
0.25	5	0.25	5	0	0.01	0	1	0	0	0	0	0	0	0	1	3.0282129458410014	7.746e-05
0.3	5	0.3	5	0	0.05	0	1	0	0	0	0	0	0	0	1	2.9709505944546684	7.746e-05
0.27	8	0.27	8	0	0.0	0	0	1	0	0	0	0	1	0	0	2.8659573209491747	3.775e-05
0.7	4	0.7	4	0	0.0	0	0	1	0	0	0	0	0	1	0	2.246439344671016	3.829e-05
0.9	4	0.9	4	0	0.0	1	0	0	0	0	0	0	0	1	0	1.578897902987479	3.829e-05
0.06	5	0.08	-2	0	0.25	0	1	0	0	0	0	0	0	0	1	2.5016094970590275	5.524e-06
0.06	5	0.08	-2	0	0.25	0	1	0	0	0	0	0	0	0	1	2.5016094970590275	5.524e-06
0.12	5	0.18	1	0	0.03	0	0	1	0	0	0	0	0	1	0	2.070950594454669	0.0001605
0.16	5	0.18	1	0	0.11	1	0	0	0	0	0	0	0	1	0	2.070950594454669	0.0001605
0.12	5	0.18	1	0	0.04	1	0	0	0	0	0	0	0	1	0	2.070950594454669	0.0001605
0.12	4	0.04	-1	0	0.37	1	0	0	0	0	0	0	0	1	0	2.181496329528676	0.0001288
0.26	7	0.26	7	0	0.01	1	0	0	0	0	0	0	0	1	0	2.9016094970590283	9.787e-17
0.26	7	0.26	7	0	0.01	1	0	0	0	0	0	0	0	1	0	2.9016094970590283	9.787e-17
0.24	7	0.24	7	0	0.01	0	1	0	0	0	0	0	0	1	0	2.9393538721672012	9.787e-17
0.42	7	0.42	7	0	0.01	0	1	0	0	0	0	0	0	1	0	1.8166422780956524	9.787e-17
0.26	7	0.26	7	0	0.01	1	0	0	0	0	0	0	0	1	0	2.9016094970590283	9.787e-17
0.05	5	0.02	-2	0	0.22	0	1	0	0	0	0	0	0	1	0	3.0841837197791886	1.755e-07
0.06	5	0.0	-2	0	0.09	0	1	0	0	0	0	0	0	1	0	2.423219672335508	1.755e-07
0.07	5	0.05	-2	0	0.1	0	1	0	0	0	0	0	0	1	0	2.9464393446710155	1.755e-07
0.1	5	0.02	-2	0	0.23	0	1	0	0	0	0	0	0	1	0	3.0464393446710165	1.755e-07
0.08	5	0.03	-2	0	0.07	0	1	0	0	0	0	0	0	1	0	2.970950594454669	1.755e-07
0.09	5	0.05	-2	0	0.16	0	1	0	0	0	0	0	0	1	0	3.0414460711655216	1.755e-07
0.43	5	0.43	5	0	0.01	0	1	0	0	0	0	0	1	0	0	2.946439344671015	1.324e-07
0.4	5	0.4	5	0	0.01	0	1	0	0	0	0	0	1	0	0	2.9464393446710155	1.324e-07
0.47	5	0.47	5	0	0.01	0	1	0	0	0	0	0	0	1	0	2.323219672335508	1.324e-07
0.41	5	0.41	5	0	0.01	0	1	0	0	0	0	0	0	1	0	2.6016094970590284	1.324e-07
0.32	5	0.32	5	0	0.1	0	1	0	0	0	0	0	0	1	0	2.4588718484453604	1.515e-07
0.43	5	0.43	5	0	0.17	0	1	0	0	0	0	0	0	1	0	2.639353872167201	1.515e-07
0.52	5	0.52	5	0	0.02	0	1	0	0	0	0	0	0	1	0	2.384183719779189	1.515e-07
0.53	5	0.53	5	0	0.05	0	1	0	0	0	0	0	0	1	0	2.4393538721672012	1.515e-07
0.55	4	0.55	4	0	0.02	0	1	0	0	0	0	0	0	1	0	2.6332062193464947	1.186e-07
0.48	4	0.48	4	0	0.02	0	1	0	0	0	0	0	0	1	0	2.8414460711655214	1.186e-07
0.58	4	0.58	4	0	0.03	0	1	0	0	0	0	0	0	1	0	2.2261207468426805	1.186e-07
0.6	4	0.6	4	0	0.02	0	1	0	0	0	0	0	0	1	0	2.341446071165522	1.186e-07
0.05	4	0.05	4	0	0.26	0	1	0	0	0	0	0	0	1	0	3.3464393446710154	6.163e-07
0.02	4	0.02	4	0	0.11	0	1	0	0	0	0	0	0	1	0	2.4841837197791885	6.163e-07
0.07	4	0.07	4	0	0.11	0	1	0	0	0	0	0	0	1	0	2.941446071165522	6.163e-07
0.05	4	0.05	4	0	0.21	0	1	0	0	0	0	0	0	1	0	3.208694969562841	6.163e-07
0.09	4	0.09	4	0	0.08	0	1	0	0	0	0	0	0	1	0	2.8709505944546683	6.163e-07
0.06	4	0.06	4	0	0.17	0	1	0	0	0	0	0	0	1	0	3.1219280948873624	6.163e-07
0.02	8	0.02	8	0	0.01	0	1	0	0	0	0	0	0	1	0	2.941446071165522	5.645e-06
0.02	8	0.02	8	0	0.01	0	1	0	0	0	0	0	0	1	0	2.941446071165522	5.645e-06
0.02	8	0.02	8	0	0.01	0	1	0	0	0	0	0	0	1	0	2.941446071165522	5.645e-06
0.02	8	0.02	8	0	0.01	0	1	0	0	0	0	0	0	1	0	2.941446071165522	5.645e-06
0.02	8	0.02	8	0	0.01	0	1	0	0	0	0	0	0	1	0	2.941446071165522	5.645e-06
0.02	8	0.02	8	0	0.01	0	1	0	0	0	0	0	0	1	0	2.941446071165522	5.645e-06
0.31	6	0.31	6	0	0.01	0	1	0	0	0	0	0	0	1	0	3.084183719779189	1.054e-07
0.29	6	0.29	6	0	0.02	1	0	0	0	0	0	0	0	1	0	3.246439344671016	1.054e-07
0.8	6	0.8	6	0	0.03	0	1	0	0	0	0	0	0	1	0	1.1219280948873622	1.054e-07
0.28	6	0.28	6	0	0.01	0	1	0	0	0	0	0	0	1	0	3.1414460711655217	1.054e-07
0.28	6	0.28	6	0	0.01	0	1	0	0	0	0	0	0	1	0	3.1414460711655217	1.054e-07
0.31	6	0.31	6	0	0.01	0	1	0	0	0	0	0	0	1	0	3.084183719779189	1.054e-07
0.28	6	0.28	6	0	0.01	0	1	0	0	0	0	0	0	1	0	3.1414460711655217	1.054e-07
0.79	6	0.79	6	0	0.01	0	1	0	0	0	0	0	0	1	0	0.8475846798245739	1.054e-07
0.28	6	0.28	6	0	0.01	0	1	0	0	0	0	0	0	1	0	3.1414460711655217	1.054e-07
0.28	6	0.28	6	0	0.01	0	1	0	0	0	0	0	0	1	0	3.3464393446710154	1.054e-07
0.28	6	0.28	6	0	0.01	0	1	0	0	0	0	0	0	1	0	3.003701696057348	1.054e-07
0.05	8	0.05	8	0	0.32	0	1	0	0	0	0	0	0	1	0	2.8709505944546683	2.507e-10
0.05	8	0.05	8	0	0.29	0	1	0	0	0	0	0	0	1	0	2.9282129458410013	2.507e-10
0.05	8	0.05	8	0	0.32	0	1	0	0	0	0	0	0	1	0	2.8709505944546683	2.507e-10
0.08	8	0.08	8	0	0.1	0	1	0	0	0	0	0	0	1	0	2.846439344671015	2.507e-10
0.05	8	0.05	8	0	0.15	0	1	0	0	0	0	0	0	1	0	2.8086949695628416	2.507e-10
0.12	4	0.15	0	0	0.08	0	1	0	0	0	0	0	0	1	0	3.441446071165522	9.181e-05
0.11	4	0.07	0	0	0.1	0	1	0	0	0	0	0	0	1	0	2.8464393446710154	9.181e-05
0.11	4	0.07	0	0	0.1	0	1	0	0	0	0	0	0	1	0	2.8464393446710154	9.181e-05
0.11	4	0.07	0	0	0.1	0	1	0	0	0	0	0	0	1	0	2.8464393446710154	9.181e-05
0.11	4	0.07	0	0	0.1	0	1	0	0	0	0	0	0	1	0	2.8464393446710154	9.181e-05
0.06	6	0.07	-3	0	0.01	0	1	0	0	0	0	0	1	0	0	3.1841837197791887	2.933e-14
0.06	6	0.07	-3	0	0.01	0	1	0	0	0	0	0	1	0	0	3.1841837197791887	2.933e-14
0.07	6	0.08	-3	0	0.01	0	1	0	0	0	0	0	1	0	0	3.3219280948873617	2.933e-14
0.05	5	0.05	5	0	0.01	0	1	0	0	0	0	0	1	0	0	3.1414460711655217	3.462e-07
0.05	5	0.05	5	0	0.01	0	1	0	0	0	0	0	1	0	0	3.065957320949175	3.462e-07
0.05	5	0.05	5	0	0.01	0	1	0	0	0	0	0	1	0	0	3.1037016960573482	3.462e-07
0.05	5	0.05	5	0	0.01	0	1	0	0	0	0	0	1	0	0	3.1414460711655217	3.462e-07
0.07	5	0.07	5	0	0.01	0	1	0	0	0	0	0	1	0	0	3.146439344671016	3.462e-07
0.05	5	0.05	5	0	0.01	0	1	0	0	0	0	0	1	0	0	3.1219280948873616	3.462e-07
0.05	5	0.05	5	0	0.01	0	1	0	0	0	0	0	1	0	0	3.1659573209491745	3.462e-07
0.56	5	0.02	-2	0	0.0	0	1	0	0	0	0	0	0	0	1	2.319240704636849	0.0003578
0.54	5	0.03	-2	0	0.01	0	1	0	0	0	0	0	0	0	1	2.3414460711655214	0.0003578
0.9	5	0.0	-2	0	0.0	0	1	0	0	0	0	0	0	0	1	1.5437519544205025	0.0003578
0.32	7	0.32	7	0	0.01	0	1	0	0	0	0	0	0	1	0	3.1086949695628414	5.55e-06
0.33	7	0.33	7	0	0.01	0	1	0	0	0	0	0	0	1	0	3.108694969562842	5.55e-06
0.02	7	0.02	7	0	0.01	0	1	0	0	0	0	0	0	1	0	3.1659573209491745	5.55e-06
0.33	7	0.33	7	0	0.01	0	1	0	0	0	0	0	0	1	0	3.2464393446710162	5.55e-06
0.49	7	0.49	7	0	0.28	0	1	0	0	0	0	0	0	0	1	2.0804820237218404	4.946e-30
0.48	7	0.48	7	0	0.23	0	1	0	0	0	0	0	0	0	1	2.0192407046368492	4.946e-30
0.44	7	0.44	7	0	0.17	0	1	0	0	0	0	0	0	0	1	2.25677964944704	4.946e-30
0.47	7	0.47	7	0	0.35	0	1	0	0	0	0	0	0	0	1	2.314979820516481	4.946e-30
0.9	4	0.9	4	0	0.02	0	1	0	0	0	0	0	1	0	0	0.7475846798245741	1.815e-06
0.9	4	0.9	4	0	0.02	0	1	0	0	0	0	0	1	0	0	0.7475846798245741	1.815e-06
0.16	4	0.05	-2	0	0.01	0	0	1	0	0	0	0	0	0	1	3.3086949695628416	9.662e-09
0.14	4	0.03	-2	0	0.01	0	0	1	0	0	0	0	0	0	1	3.3086949695628416	9.662e-09
0.09	4	0.06	-2	0	0.01	0	0	1	0	0	0	0	0	0	1	3.246439344671016	9.662e-09
0.14	4	0.04	-2	0	0.01	0	0	1	0	0	0	0	0	0	1	3.2464393446710162	9.662e-09
0.19	4	0.0	-2	0	0.05	0	0	1	0	0	0	0	0	0	1	1.8166422780956524	9.662e-09
0.16	4	0.05	-2	0	0.01	0	0	1	0	0	0	0	0	0	1	3.3086949695628416	9.662e-09
0.14	4	0.03	-2	0	0.01	0	0	1	0	0	0	0	0	0	1	3.3086949695628416	9.662e-09
0.14	4	0.03	-2	0	0.01	0	0	1	0	0	0	0	0	0	1	3.3086949695628416	9.662e-09
0.62	4	0.0	-2	0	0.03	0	1	0	0	0	0	0	0	0	1	0.5689955935892812	9.662e-09
0.09	4	0.06	-2	0	0.01	0	0	1	0	0	0	0	0	0	1	3.246439344671016	9.662e-09
0.11	4	0.06	-2	0	0.01	0	0	1	0	0	0	0	0	0	1	2.8037016960573484	9.662e-09
0.12	4	0.06	-2	0	0.01	0	0	1	0	0	0	0	0	0	1	3.0841837197791886	9.662e-09
0.1	4	0.07	-2	0	0.01	0	0	1	0	0	0	0	0	0	1	2.839353872167201	9.662e-09
0.2	8	0.2	8	0	0.01	1	0	0	0	0	0	0	1	0	0	3.1841837197791887	4.131e-06
0.21	8	0.21	8	0	0.01	1	0	0	0	0	0	0	1	0	0	3.0414460711655216	4.131e-06
0.21	8	0.21	8	0	0.01	1	0	0	0	0	0	0	1	0	0	2.946439344671015	4.131e-06
0.16	8	0.16	8	0	0.01	1	0	0	0	0	0	0	1	0	0	2.9219280948873623	4.131e-06
0.21	8	0.21	8	0	0.01	1	0	0	0	0	0	0	1	0	0	3.1414460711655217	4.131e-06
0.2	8	0.2	8	0	0.01	1	0	0	0	0	0	0	1	0	0	3.1841837197791887	4.131e-06
0.8	8	0.8	8	0	0.14	1	0	0	0	0	0	0	1	0	0	1.1219280948873622	4.131e-06
0.16	8	0.16	8	0	0.01	1	0	0	0	0	0	0	1	0	0	3.0841837197791886	4.131e-06
0.2	8	0.2	8	0	0.01	1	0	0	0	0	0	0	1	0	0	3.1841837197791887	4.131e-06
0.21	8	0.21	8	0	0.01	1	0	0	0	0	0	0	1	0	0	2.946439344671015	4.131e-06
0.15	8	0.15	8	0	0.01	1	0	0	0	0	0	0	1	0	0	3.065957320949175	4.131e-06
0.2	8	0.2	8	0	0.01	1	0	0	0	0	0	0	1	0	0	3.1841837197791887	4.131e-06
0.21	8	0.21	8	0	0.01	1	0	0	0	0	0	0	1	0	0	2.946439344671015	4.131e-06
0.41	4	0.41	4	1	0.67	0	1	0	0	0	0	0	1	0	0	2.560964047443681	3.385e-06
0.42	4	0.42	4	1	0.65	0	1	0	0	0	0	0	1	0	0	1.6567796494470397	3.385e-06
0.37	4	0.37	4	1	0.61	0	1	0	0	0	0	0	0	1	0	1.916642278095652	3.385e-06
0.36	4	0.36	4	0	0.24	0	1	0	0	0	0	0	1	0	0	2.5577174691301483	3.385e-06
0.37	4	0.37	4	0	0.23	0	1	0	0	0	0	0	1	0	0	2.423219672335508	3.385e-06
0.32	4	0.32	4	1	0.67	0	1	0	0	0	0	0	0	1	0	2.521928094887362	3.385e-06
0.36	4	0.36	4	1	0.64	0	1	0	0	0	0	0	0	1	0	2.070950594454669	3.385e-06
0.12	4	0.12	4	0	0.19	0	1	0	0	0	0	0	1	0	0	3.1086949695628423	3.385e-06
0.34	4	0.34	4	0	0.26	0	1	0	0	0	0	0	1	0	0	2.6577174691301484	3.385e-06
0.38	4	0.38	4	0	0.02	1	0	0	0	0	0	0	0	0	1	2.4192407046368487	2.766e-05
0.47	4	0.23	3	0	0.01	0	0	1	0	0	0	1	0	1	0	1.1219280948873622	0.0004415
0.7	4	0.0	3	0	0.01	0	0	1	0	0	0	1	1	0	0	0.8475846798245739	0.0004415
1.0	4	1.0	4	1	0.96	0	1	0	0	0	0	0	0	1	0	0.28639695711595625	7.958e-07
0.37	5	0.37	5	0	0.03	0	0	1	0	0	0	0	0	0	1	2.463865121950854	9.748e-09
0.35	5	0.35	5	0	0.03	0	0	1	0	0	0	0	0	0	1	2.441446071165521	9.748e-09
0.37	5	0.37	5	0	0.03	0	0	1	0	0	0	0	0	0	1	2.463865121950854	9.748e-09
0.35	5	0.35	5	0	0.03	0	0	1	0	0	0	0	0	0	1	2.441446071165521	9.748e-09
0.08	5	0.08	5	0	0.04	0	0	1	0	0	0	0	1	0	0	2.8232196723355085	4.3649999999999995e-19
0.07	5	0.07	5	0	0.02	1	0	0	0	0	0	0	1	0	0	3.1037016960573482	4.3649999999999995e-19
0.07	5	0.04	0	0	0.32	0	1	0	0	0	0	0	0	1	0	2.9841837197791894	3.667e-06
0.08	5	0.04	0	0	0.32	0	1	0	0	0	0	0	0	1	0	3.0841837197791886	3.667e-06
0.06	5	0.04	0	0	0.33	0	1	0	0	0	0	0	0	1	0	3.003701696057348	3.667e-06
0.08	5	0.04	0	0	0.32	0	1	0	0	0	0	0	0	1	0	3.0841837197791886	3.667e-06
0.05	5	0.04	0	0	0.32	0	1	0	0	0	0	0	0	1	0	3.046439344671015	3.667e-06
0.06	5	0.05	0	0	0.31	0	1	0	0	0	0	0	0	1	0	3.246439344671016	3.667e-06
0.08	5	0.04	0	0	0.32	0	1	0	0	0	0	0	0	1	0	3.0841837197791886	3.667e-06
0.08	5	0.04	0	0	0.34	0	1	0	0	0	0	0	0	1	0	3.3086949695628416	3.667e-06
0.07	5	0.04	0	0	0.33	0	1	0	0	0	0	0	0	1	0	3.084183719779189	3.667e-06
0.07	5	0.02	0	0	0.01	0	1	0	0	0	0	0	0	1	0	3.0282129458410014	3.667e-06
0.07	5	0.05	0	0	0.32	0	1	0	0	0	0	0	0	1	0	3.0219280948873624	3.667e-06
0.13	6	0.49	1	0	0.13	1	0	0	0	0	0	0	0	1	0	2.763865121950854	3.982e-05
0.13	6	0.49	1	0	0.13	1	0	0	0	0	0	0	0	1	0	2.763865121950854	3.982e-05
0.14	6	0.51	1	0	0.11	0	1	0	0	0	0	0	0	1	0	2.739353872167201	3.982e-05
0.13	6	0.49	1	0	0.13	1	0	0	0	0	0	0	0	1	0	2.763865121950854	3.982e-05
0.13	6	0.49	1	0	0.13	1	0	0	0	0	0	0	0	1	0	2.763865121950854	3.982e-05
0.14	6	0.51	1	0	0.07	1	0	0	0	0	0	0	0	1	0	2.7659573209491746	3.982e-05
0.12	6	0.46	1	0	0.1	1	0	0	0	0	0	0	0	1	0	2.670950594454669	3.982e-05
0.13	6	0.13	6	0	0.13	1	0	0	0	0	0	0	0	1	0	2.763865121950854	3.471e-05
0.13	6	0.13	6	0	0.13	1	0	0	0	0	0	0	0	1	0	2.763865121950854	3.471e-05
0.14	6	0.14	6	0	0.11	0	1	0	0	0	0	0	0	1	0	2.739353872167201	3.471e-05
0.13	6	0.13	6	0	0.13	1	0	0	0	0	0	0	0	1	0	2.763865121950854	3.471e-05
0.13	6	0.13	6	0	0.13	1	0	0	0	0	0	0	0	1	0	2.763865121950854	3.471e-05
0.14	6	0.14	6	0	0.07	1	0	0	0	0	0	0	0	1	0	2.7659573209491746	3.471e-05
0.12	6	0.12	6	0	0.1	1	0	0	0	0	0	0	0	1	0	2.670950594454669	3.471e-05
0.1	4	0.1	4	0	0.02	0	0	1	1	0	0	0	0	0	1	2.363865121950854	3.565e-05
0.1	4	0.1	4	0	0.02	0	0	1	1	0	0	0	0	0	1	2.363865121950854	3.565e-05
0.1	4	0.1	4	0	0.02	0	0	1	1	0	0	0	0	0	1	2.9659573209491747	3.565e-05
0.1	4	0.1	4	0	0.02	0	0	1	1	0	0	0	0	0	1	2.363865121950854	3.565e-05
0.1	4	0.1	4	0	0.02	0	0	1	1	0	0	0	0	0	1	2.363865121950854	3.565e-05
0.19	4	0.19	4	0	0.07	1	0	0	0	0	0	0	0	0	1	1.578897902987479	3.565e-05
0.11	4	0.11	4	0	0.01	1	0	0	0	0	0	0	0	0	1	2.7659573209491746	3.565e-05
0.11	4	0.11	4	0	0.02	1	0	0	0	0	0	0	0	0	1	2.295461844238322	3.565e-05
0.31	4	0.31	4	0	0.04	0	0	1	1	0	0	0	1	0	0	2.9464393446710155	3.945e-09
0.09	4	0.22	3	0	0.01	0	1	0	0	0	0	0	0	0	1	3.146439344671016	0.000151
0.06	4	0.19	3	0	0.01	1	0	0	0	0	0	0	0	0	1	2.8232196723355085	0.000151
0.47	4	0.16	3	0	0.01	0	1	0	0	0	0	0	0	0	1	2.070950594454669	0.000151
0.17	5	0.16	-1	0	0.04	0	1	0	0	0	0	0	0	0	1	3.2464393446710162	0.00041560000000000013
0.17	5	0.16	-1	0	0.04	0	1	0	0	0	0	0	0	0	1	3.2464393446710162	0.00041560000000000013
0.21	5	0.14	-1	0	0.03	0	1	0	0	0	0	0	0	0	1	3.270950594454668	0.00041560000000000013
0.06	4	0.06	4	0	0.02	0	1	0	0	0	0	0	0	1	0	3.3464393446710154	2.023e-05
0.15	4	0.15	4	0	0.01	0	1	0	0	0	0	0	1	0	0	1.1219280948873622	2.023e-05
0.06	4	0.06	4	0	0.02	0	1	0	0	0	0	0	0	1	0	3.3464393446710154	2.023e-05
0.06	4	0.06	4	0	0.02	0	1	0	0	0	0	0	0	1	0	3.3464393446710154	2.023e-05
0.04	4	0.04	4	0	0.01	0	1	0	0	0	0	0	1	0	0	3.0709505944546684	2.023e-05
0.08	4	0.08	4	0	0.01	0	1	0	0	0	0	0	0	0	1	2.8332062193464957	2.023e-05
0.06	4	0.06	4	0	0.02	0	1	0	0	0	0	0	0	1	0	3.3464393446710154	2.023e-05
0.05	4	0.05	4	0	0.01	0	1	0	0	0	0	0	1	0	0	3.1659573209491745	2.023e-05
0.08	4	0.08	4	0	0.01	0	1	0	0	0	0	0	1	0	0	3.3086949695628416	2.023e-05
0.06	4	0.06	4	0	0.02	0	1	0	0	0	0	0	0	1	0	3.3464393446710154	2.023e-05
0.23	4	0.23	4	0	0.01	0	1	0	0	0	0	0	1	0	0	1.916642278095652	2.023e-05
0.28	4	0.28	4	0	0.01	0	1	0	0	0	0	0	1	0	0	1.933206219346495	2.023e-05
0.08	4	0.08	4	0	0.02	0	1	0	0	0	0	0	0	1	0	3.2219280948873616	2.023e-05
0.65	4	0.65	4	0	0.01	0	1	0	0	0	0	0	1	0	0	0.5689955935892812	2.023e-05
0.09	4	0.09	4	0	0.01	0	1	0	0	0	0	0	1	0	0	1.0219280948873624	2.023e-05
0.07	4	0.07	4	0	0.02	0	1	0	0	0	0	0	0	1	0	3.084183719779189	2.023e-05
0.11	5	0.11	5	0	0.01	0	1	0	0	0	0	0	0	1	0	3.208694969562841	2.551e-06
0.0	5	0.0	5	0	0.01	0	0	1	0	0	0	0	1	0	0	0.8475846798245739	2.551e-06
0.29	7	0.29	7	0	0.06	0	1	0	0	0	0	0	0	1	0	3.170950594454668	1.715e-11
0.29	7	0.29	7	0	0.06	0	1	0	0	0	0	0	0	1	0	3.170950594454668	1.715e-11
0.29	7	0.29	7	0	0.06	0	1	0	0	0	0	0	0	1	0	3.146439344671016	1.715e-11
0.29	7	0.29	7	0	0.06	0	1	0	0	0	0	0	0	1	0	3.170950594454668	1.715e-11
0.29	7	0.29	7	0	0.06	0	1	0	0	0	0	0	0	1	0	3.146439344671016	1.715e-11
0.29	7	0.29	7	0	0.06	0	1	0	0	0	0	0	0	1	0	3.146439344671016	1.715e-11
0.05	5	0.05	5	0	0.1	0	1	0	0	0	0	0	0	1	0	-0.0	2.927e-10
0.05	5	0.05	5	0	0.1	0	1	0	0	0	0	0	0	1	0	-0.0	2.927e-10
0.06	5	0.06	5	0	0.06	0	1	0	0	0	0	0	0	1	0	3.246439344671016	2.927e-10
1.0	5	1.0	5	1	0.64	0	1	0	0	0	0	0	1	0	0	0.28639695711595625	2.927e-10
0.03	5	0.03	5	0	0.02	0	1	0	0	0	0	0	0	1	0	2.7709505944546686	2.927e-10
0.13	6	0.06	1	0	0.16	0	1	0	0	0	0	0	0	0	1	2.903701696057348	1.43e-11
0.13	6	0.06	1	0	0.16	0	1	0	0	0	0	0	0	0	1	2.903701696057348	1.43e-11
0.03	5	0.08	1	0	0.21	0	1	0	0	0	0	0	0	1	0	3.146439344671016	0.0004187
0.03	5	0.08	1	0	0.2	0	1	0	0	0	0	0	0	1	0	3.2464393446710162	0.0004187
0.08	5	0.05	1	0	0.01	0	0	1	0	0	0	0	1	0	0	1.7166422780956525	2.216e-05
0.08	5	0.05	1	0	0.02	0	0	1	0	0	0	0	1	0	0	2.070950594454669	2.216e-05
0.28	5	0.01	1	0	0.01	0	0	1	0	0	0	0	1	0	0	2.0804820237218404	2.216e-05
0.09	5	0.05	1	0	0.01	0	0	1	0	0	0	0	1	0	0	2.1709505944546685	2.216e-05
0.02	5	0.0	-1	0	0.04	0	1	0	0	0	0	0	1	0	0	2.9086949695628417	8.794e-05
0.09	5	0.0	-1	0	0.05	0	1	0	0	0	0	0	1	0	0	3.184183719779189	8.794e-05
0.07	6	0.04	-3	0	0.33	0	1	0	0	0	0	0	0	1	0	3.0841837197791886	8.423e-05
0.63	4	0.63	4	0	0.07	0	1	0	0	0	0	0	1	0	0	1.6567796494470397	0.0002253
0.13	8	0.13	8	0	0.01	0	1	0	0	0	0	0	0	0	1	2.7659573209491746	4.418e-11
0.07	8	0.06	-1	0	0.01	0	1	0	0	0	0	0	1	0	0	2.9709505944546684	4.6380000000000006e-11
0.12	5	0.0	0	0	0.26	0	1	0	0	0	0	0	0	1	0	2.219240704636849	0.00013309999999999998
0.22	5	0.0	-3	0	0.21	0	1	0	0	0	0	0	1	0	0	2.560964047443681	2.641e-05
0.22	5	0.0	-3	0	0.21	0	1	0	0	0	0	0	1	0	0	2.560964047443681	2.641e-05
0.22	5	0.0	-3	0	0.21	0	1	0	0	0	0	0	1	0	0	2.560964047443681	2.641e-05
0.22	5	0.0	-3	0	0.23	0	1	0	0	0	0	0	1	0	0	2.560964047443681	2.641e-05
0.22	5	0.0	-3	0	0.2	0	1	0	0	0	0	0	1	0	0	2.323219672335508	2.641e-05
0.22	5	0.0	-3	0	0.21	0	1	0	0	0	0	0	1	0	0	2.560964047443681	2.641e-05
0.22	5	0.0	-3	0	0.2	0	1	0	0	0	0	0	1	0	0	2.323219672335508	2.641e-05
0.22	5	0.0	-3	0	0.2	0	1	0	0	0	0	0	1	0	0	2.323219672335508	2.641e-05
0.22	5	0.0	-3	0	0.16	0	1	0	0	0	0	0	1	0	0	2.460964047443681	2.641e-05
0.22	5	0.0	-3	0	0.15	0	1	0	0	0	0	0	1	0	0	2.460964047443681	2.641e-05
0.22	5	0.0	-3	0	0.15	0	1	0	0	0	0	0	1	0	0	2.460964047443681	2.641e-05
0.22	5	0.0	-3	0	0.15	0	1	0	0	0	0	0	1	0	0	2.460964047443681	2.641e-05
0.22	5	0.0	-3	0	0.15	0	1	0	0	0	0	0	1	0	0	2.460964047443681	2.641e-05
0.53	7	0.53	7	0	0.01	0	0	1	0	0	0	0	0	1	0	2.6709505944546676	1.368e-07
0.55	7	0.55	7	0	0.01	0	0	1	0	0	0	0	0	1	0	2.5211274733371867	1.368e-07
0.54	7	0.54	7	0	0.01	0	0	1	0	0	0	0	0	1	0	2.4804820237218403	1.368e-07
0.53	7	0.53	7	0	0.01	0	0	1	0	0	0	0	0	1	0	2.6709505944546676	1.368e-07
0.54	7	0.54	7	0	0.01	0	0	1	0	0	0	0	0	1	0	2.4804820237218403	1.368e-07
0.54	7	0.54	7	0	0.01	0	0	1	0	0	0	0	0	1	0	2.4804820237218403	1.368e-07
0.55	7	0.55	7	0	0.01	0	0	1	0	0	0	0	0	1	0	2.5211274733371867	1.368e-07
0.03	4	0.34	-3	1	0.96	0	1	0	0	0	0	0	0	1	0	2.4199730940219752	1.677e-05
0.12	4	0.12	4	0	0.15	0	1	0	0	0	0	0	1	0	0	2.546439344671015	0.0003788000000000001
0.05	4	0.05	4	0	0.05	0	1	0	0	0	0	0	1	0	0	2.7659573209491746	0.0003788000000000001
0.1	6	0.1	6	0	0.01	0	1	0	0	0	0	0	1	0	0	1.8016094970590275	4.333e-05
0.13	6	0.13	6	0	0.01	0	1	0	0	0	0	0	1	0	0	1.5588718484453603	4.333e-05
0.11	6	0.11	6	0	0.01	0	1	0	0	0	0	0	1	0	0	1.9527241956246544	4.333e-05
0.12	6	0.12	6	0	0.01	0	1	0	0	0	0	0	1	0	0	1.8833830982290136	4.333e-05
0.57	4	0.57	4	0	0.01	0	1	0	0	0	0	0	0	1	0	2.463865121950854	5.416e-05
0.57	4	0.57	4	0	0.01	1	0	0	0	0	0	0	0	1	0	2.6016094970590284	5.416e-05
0.58	4	0.58	4	0	0.01	0	1	0	0	0	0	0	0	1	0	2.5219280948873624	5.416e-05
0.49	4	0.49	4	0	0.02	1	0	0	0	0	0	0	0	1	0	2.139353872167201	5.416e-05
0.23	5	0.23	5	0	0.02	0	1	0	0	0	0	0	0	1	0	3.1414460711655217	4.274e-06
0.22	5	0.22	5	0	0.02	0	1	0	0	0	0	0	0	1	0	2.9086949695628417	4.274e-06
0.13	5	0.2	1	0	0.01	0	1	0	0	0	0	0	0	0	1	2.5577174691301483	0.0003906
0.2	5	0.12	1	0	0.01	0	1	0	0	0	0	0	0	0	1	2.423219672335508	0.0003906
0.07	6	0.07	6	0	0.06	0	1	0	0	0	0	0	0	1	0	2.3709505944546687	8.084e-05
0.08	6	0.08	6	0	0.07	0	1	0	0	0	0	0	0	1	0	2.6709505944546676	8.084e-05
0.05	5	0.05	-1	0	0.01	0	1	0	0	0	0	0	0	1	0	-0.0	0.0001496
0.07	5	0.07	5	0	0.03	0	1	0	0	0	0	0	0	0	1	3.146439344671016	9.634e-07
0.07	5	0.07	5	0	0.03	0	1	0	0	0	0	0	0	0	1	3.1841837197791887	9.634e-07
0.11	5	0.11	5	0	0.11	1	0	0	0	0	0	0	0	0	1	3.2709505944546686	9.634e-07
0.04	5	0.04	5	0	0.05	1	0	0	0	0	0	0	0	0	1	2.9464393446710155	9.634e-07
0.07	5	0.07	5	0	0.03	0	1	0	0	0	0	0	0	0	1	3.146439344671016	9.634e-07
0.07	5	0.07	5	0	0.03	0	1	0	0	0	0	0	0	0	1	3.146439344671016	9.634e-07
0.07	5	0.07	5	0	0.03	0	1	0	0	0	0	0	0	0	1	3.1841837197791887	9.634e-07
0.11	5	0.11	5	0	0.11	1	0	0	0	0	0	0	0	0	1	3.2709505944546686	9.634e-07
0.04	5	0.04	5	0	0.05	1	0	0	0	0	0	0	0	0	1	2.9464393446710155	9.634e-07
0.07	5	0.07	5	0	0.03	0	1	0	0	0	0	0	0	0	1	3.1841837197791887	9.634e-07
0.04	5	0.04	5	0	0.05	1	0	0	0	0	0	0	0	0	1	2.9464393446710155	9.634e-07
0.44	6	0.05	1	0	0.01	0	1	0	0	0	0	0	0	1	0	2.7659573209491746	1.6899999999999999e-16
0.31	4	0.14	3	0	0.35	0	1	0	0	0	0	0	0	0	1	2.695461844238322	1.6899999999999999e-16
0.31	4	0.31	4	1	0.74	0	0	1	0	0	0	0	1	0	0	1.916642278095652	0.0004399
0.07	6	0.02	1	0	0.05	0	1	0	0	0	0	0	0	0	1	3.0282129458410014	1.2880000000000002e-07
0.24	5	0.0	-3	0	0.01	0	1	0	0	0	0	0	0	1	0	3.003701696057348	2.136e-05
0.06	5	0.0	-3	0	0.05	0	1	0	0	0	0	0	0	1	0	3.0414460711655216	2.136e-05
0.02	5	0.02	5	0	0.01	0	1	0	0	0	0	0	0	1	0	2.5954618442383217	8.216e-05
0.05	5	0.05	5	0	0.04	0	0	1	1	0	0	0	0	1	0	2.6841837197791887	8.216e-05
0.17	6	0.17	6	0	0.01	0	1	0	0	0	0	0	1	0	0	2.070950594454669	0.0002
0.18	6	0.18	6	0	0.01	0	1	0	0	0	0	0	1	0	0	2.070950594454669	0.0002
0.15	6	0.15	6	0	0.01	0	1	0	0	0	0	0	1	0	0	1.9709505944546688	0.0002
0.24	4	0.24	4	0	0.01	0	1	0	0	0	0	0	0	1	0	2.728212945841001	5.546000000000001e-07
0.41	6	0.01	-2	0	0.07	0	1	0	0	0	0	0	0	1	0	2.5709505944546684	3.668e-05
0.08	5	0.08	5	1	0.73	0	1	0	0	0	0	0	0	1	0	2.7232196723355084	6.110000000000001e-07
0.05	5	0.27	2	0	0.5	0	1	0	0	0	0	0	0	1	0	2.9086949695628417	6.327e-07
0.18	6	0.18	6	0	0.07	0	1	0	0	0	0	0	0	0	1	3.0709505944546684	5.701e-06
0.21	6	0.21	6	0	0.13	1	0	0	0	0	0	0	0	0	1	3.0086949695628418	5.701e-06
0.48	6	0.48	6	0	0.02	0	1	0	0	0	0	0	0	0	1	1.3917601481809734	5.701e-06
0.11	5	0.04	-1	0	0.27	0	1	0	0	0	0	0	0	1	0	3.103701696057348	1.87e-09
0.08	5	0.08	5	0	0.33	0	1	0	0	0	0	0	0	1	0	3.2464393446710162	0.0004543
0.11	7	0.11	7	0	0.45	0	0	1	0	0	0	1	0	1	0	1.5567796494470396	6.244e-06
0.3	5	0.02	0	0	0.01	0	1	0	0	0	0	0	1	0	0	2.9086949695628417	0.000408
0.26	5	0.02	0	0	0.01	0	1	0	0	0	0	0	1	0	0	3.1659573209491767	0.000408
0.2	5	0.02	0	0	0.01	0	1	0	0	0	0	0	1	0	0	3.065957320949175	0.000408
0.32	5	0.01	0	0	0.01	1	0	0	0	0	0	0	1	0	0	2.9609640474436816	0.000408
0.21	5	0.02	0	0	0.01	0	1	0	0	0	0	0	1	0	0	3.065957320949175	0.000408
0.27	5	0.02	0	0	0.03	0	1	0	0	0	0	0	1	0	0	3.0414460711655216	0.000408
0.2	5	0.02	0	0	0.01	0	1	0	0	0	0	0	1	0	0	3.065957320949175	0.000408
0.05	5	0.01	0	0	0.09	0	1	0	0	0	0	0	0	1	0	3.146439344671016	1.886e-07
0.09	5	0.01	0	0	0.02	0	1	0	0	0	0	0	0	0	1	3.1414460711655217	0.0002624
0.09	5	0.01	0	0	0.02	0	1	0	0	0	0	0	0	0	1	3.2414460711655217	0.0002624
0.1	5	0.01	0	0	0.02	0	1	0	0	0	0	0	0	0	1	2.8086949695628416	0.0002624
0.09	5	0.01	0	0	0.02	0	1	0	0	0	0	0	0	0	1	2.8659573209491747	0.0002624
0.7	7	0.7	7	0	0.2	0	1	0	0	0	0	0	0	1	0	2.219240704636849	1.351e-05
0.63	7	0.63	7	0	0.04	0	1	0	0	0	0	0	0	0	1	1.8332062193464955	1.351e-05
0.22	4	0.2	3	1	0.79	0	1	0	0	0	0	0	0	0	1	2.070950594454669	2.274e-06
0.36	7	0.36	7	1	0.53	0	1	0	0	0	0	0	1	0	0	2.8086949695628416	0.0002388
0.36	7	0.36	7	1	0.53	0	1	0	0	0	0	0	1	0	0	2.8086949695628416	0.0002388
0.95	6	0.95	6	0	0.03	1	0	0	0	0	0	0	1	0	0	0.5689955935892812	2.5140000000000002e-20
0.0	6	0.0	-3	1	0.94	0	1	0	0	0	0	0	1	0	0	2.2192407046368485	0.0003217
0.04	4	0.04	1	0	0.06	1	0	0	0	0	0	0	0	1	0	2.941446071165522	1.344e-05
0.07	4	0.76	3	0	0.01	0	1	0	0	0	0	0	0	0	1	1.6567796494470397	7.877e-18
0.07	4	0.74	3	0	0.01	0	1	0	0	0	0	0	0	0	1	1.9332062193464952	7.877e-18
0.07	4	0.74	3	0	0.01	0	1	0	0	0	0	0	0	0	1	1.9332062193464952	7.877e-18
0.44	5	0.44	5	1	0.85	0	0	1	0	0	0	0	0	1	0	2.9282129458410013	1.652e-05
0.13	5	0.0	-3	0	0.02	0	1	0	0	0	0	0	0	1	0	3.0414460711655216	0.000439
0.15	5	0.0	-3	0	0.02	0	1	0	0	0	0	0	0	1	0	3.0414460711655216	0.000439
0.12	5	0.0	-3	0	0.01	1	0	0	0	0	0	0	0	1	0	3.065957320949175	0.000439
0.78	6	0.78	6	0	0.01	0	1	0	0	0	0	0	0	1	0	0.5689955935892812	0.0004209
0.55	4	0.55	4	0	0.01	0	0	1	0	0	0	1	1	0	0	2.1577174691301484	7.22e-06
